1368.0 792.4177669552669
24.0 344.1819494591303
112.0 182.04333333333335
61.0 123.32222222222222
5604.0 978.6879761904762
207.0 416.36336680628364
137.0 1485.9477633477632
46.0 200.0511688311688
50.0 580.1666666666667
890.0 1635.3396214896213
72.0 71.5
807.0 416.36336680628364
1317.0 1086.9
86.0 112.80868686868686
56.0 142.72
103.0 416.36336680628364
41.0 585.9
16.0 37.37777777777778
103.0 416.36336680628364
22.0 416.36336680628364
250.0 371.9271428571428
21283.0 24813.773333333334
465.0 340.19328078354397
4970.0 4334.352451159952
207.0 1093.773334705545
104.0 297.0283333333333
36.0 384.30452380952386
594.0 169.58698412698413
4955.0 4334.352451159952
295.0 400.55333333333334
1426.0 969.2369047619047
72.0 137.24404761904762
38.0 1093.773334705545
122.0 153.43622423328304
881.0 404.64666666666665
62.0 182.04333333333335
1073.0 623.6
266.0 780.2666666666667
233.0 159.05787878787876
5906.0 4334.352451159952
192.0 1093.773334705545
198.0 229.13404761904758
751.0 466.485
261.0 233.76312576312574
117.0 576.302619047619
189.0 303.4934157509157
541.0 296.7
5764.0 3807.7258158508157
39245.0 31530.48888888889
294.0 233.76312576312574
55.0 1944.7166666666667
4943.0 231.34635000963948
21.0 376.26166666666666
42.0 225.50841397406884
30.0 122.05999999999999
6.0 276.7925820093953
41.0 82.83
74.0 225.55904761904762
9.0 21.3
814.0 276.7925820093953
1402.0 780.2666666666667
189.0 294.7333333333333
285.0 233.76312576312574
61.0 171.787668997669
80.0 82.83
5.0 233.76312576312574
12.0 276.7925820093953
237.0 122.05999999999999
31.0 276.7925820093953
6.0 276.7925820093953
34.0 225.50841397406884
10.0 276.7925820093953
34.0 233.76312576312574
389.0 225.50841397406884
8.0 276.7925820093953
13.0 1093.773334705545
147.0 276.7925820093953
24.0 36.333333333333336
16.0 376.26166666666666
215.0 276.7925820093953
8.0 276.7925820093953
9.0 276.7925820093953
417.0 233.76312576312574
512.0 498.58214285714274
81.0 233.76312576312574
562.0 303.4934157509157
144.0 1093.773334705545
64.0 110.45396825396824
354.0 400.55333333333334
184.0 179.1
210.0 140.76904761904763
1488.0 730.8109126984127
4212.0 3443.25
1010.0 718.9633333333334
1281.0 2199.3166666666666
102.0 133.99499999999998
45.0 5321.896471372398
507.0 400.55333333333334
1057.0 690.7149999999999
367.0 420.21521321815436
