839.1429 0.47619048 8447.0 1016.0 382.59514618495314
95.12639 2.124368 35296.0 13004.0 282.59514618495314
6182.202 11.394715 88824.0 4413.0 2702.900043373374
63.735268 3.2715628 1685.0 185.0 243.10007136514764
4252.065 6.385965 2000.0 46.0 382.59514618495314
50.9875 15.225 194.0 119777.0 182.59514618494364
26.05281 0.3935264 130.0 20.0 82.5949308923785
100.291885 0.935686 5145.0 190.0 182.59514618495314
172.75 4.0 107.0 122.0 282.59514618495314
6182.202 11.394715 88824.0 3556.0 2702.900043373374
185.64706 4.4117646 36.0 200.0 372.09988541258366
23.969994 5.978522 927.0 166.0 182.59514610860788
47.116577 1.5495772 4072.0 315.0 126.90007674196022
1964.6611 2.2727273 6820.0 1004.0 523.8996762813115
6182.202 11.394715 88824.0 7188.0 2702.900043373374
24.839779 0.4567219 66.0 39.0 177.05093904119536
119.13372 11.755087 2145.0 178.0 182.59514618495314
32.70968 1.9623656 237.0 38.0 93.8999921087437
22.128204 22.134615 238.0 23.0 82.59514618495314
569.5666 1.6807611 3096.0 304.0 235.09995801867768
50.9875 15.225 194.0 45.0 182.59514618494364
7.120614 0.44298247 860.0 65.0 82.59514608198731
77.17308 19.447802 1021.0 67.0 59.100362483458014
92.030655 2.8249307 17214.0 1816.0 482.59514618495314
44130.062 1.0813705 117076.0 149859.0 782.5951461849531
45.153595 13.493464 1285.0 107.0 85.90007473098757
62.605858 4.655571 1341.0 2638.0 133.90046995702625
2246.925 10.2375 2087.0 185.0 282.59514618495314
3993.907 5.4469028 23690.0 52.0 1782.5951461849531
9.085213 1.0776942 698.0 3146.0 185.90004448194924
3079.2834 2.1983805 27954.0 40220.0 582.5951461849531
15757.307 2.2580645 91834.0 1485.0 382.59514618495314
41.648148 0.5231481 276.0 59.0 82.59514618495314
104.95855 1.8775907 2010.0 341.0 368.1000666138971
3.7530663 1.6443173 94.0 78.0 261.802205901523
32.70968 1.9623656 237.0 87.0 93.8999921087437
418.11484 1.3948387 8205.0 611.0 282.59514618495314
2246.925 10.2375 2087.0 1813.0 282.59514618495314
0.0 0.0 0.0 166.0 163.89999127274803
9.085213 1.0776942 698.0 28.0 185.90004448194924
50.9875 15.225 194.0 96.0 182.59514618494364
92.030655 2.8249307 17214.0 2890.0 482.59514618495314
0.0 0.0 0.0 3025.0 163.89999127274803
50.9875 15.225 194.0 20.0 182.59514618494364
1312.1111 8.666667 3038.0 1170.0 282.59514618495314
11819.554 118.05357 30558.0 9248.0 282.59514618495314
14722.17 2.0566037 20772.0 15795.0 282.59514618495314
8623.874 27.021053 29537.0 7047.0 482.59514618495314
10.945171 2.8721623 1231.0 1338.0 282.59514618495314
32.70968 1.9623656 237.0 34.0 93.8999921087437
0.6486486 1.2561858 217.0 283.0 282.59514618495314
47.116577 1.5495772 4072.0 254.0 126.90007674196022
85.38525 1.6147541 555.0 46.0 69.90044895535587
657.0345 21.547413 3230.0 502.0 482.59514618495314
1889.531 11.888737 10857.0 1098.0 782.5951461849531
50.9875 15.225 194.0 60.0 182.59514618494364
15.826514 1.5859247 82.0 23.0 281.1885744311339
109.576675 5.752855 1944.0 190.0 185.90017744363587
16.487173 1.3858932 1292.0 20.0 53.899992913906544
1249.071 2.7819905 3800.0 717.0 412.10030388274004
25117.355 0.60190475 90536.0 60824.0 382.59514618495314
65.8125 44.4375 31.0 46.0 282.59514618495314
92.030655 2.8249307 17214.0 1510.0 482.59514618495314
738.2372 15.47907 4636.0 1238.0 606.1000565017705
715.7362 1.0289855 7870.0 709.0 549.9000456895176
41.648148 0.5231481 276.0 51.0 82.59514618495314
26.258427 2.9550562 232.0 620.0 382.5951457404783
168.21143 1.9684082 1390.0 212.0 196.10024762860917
1536.74 2.56 797.0 83.0 282.59514618495314
155.67567 27.675676 829.0 195.0 182.59514618495314
0.90620595 0.56346965 312.0 164.0 282.7749120818274
12632.711 1.9277109 25999.0 15838.0 182.59514618495314
5197.108 3.881081 14254.0 8485.0 382.59514618495314
24.58604 1.4759467 1263.0 596.0 328.90017033463494
4403.6 75.6 5449.0 56.0 282.59514618495314
19.437527 6.5377483 1310.0 60.0 49.10007473098764
144.78 0.36 286.0 2724.0 382.59514611755037
11.379641 2.991012 958.0 268.0 282.59514618495314
29.991081 6.490005 3074.0 69.0 96.09995877903498
157.0723 12.361445 1756.0 688.0 282.5951481437628
144.78 0.36 286.0 65.0 382.59514611755037
180.72737 7.219931 1514.0 3928.0 382.59514618495314
5555.318 28.059603 89949.0 1495.0 282.59514618495314
54.619377 1.1730103 531.0 68.0 128.0999587790352
36.816654 0.5755541 8510.0 86.0 282.59514618495314
896.93695 2.7212884 8499.0 850.0 669.8999876770933
239.28043 3.148148 3456.0 1381.0 282.59514618495314
83.46793 4.3729215 1127.0 135.0 189.10004904003586
157.0723 12.361445 1756.0 828.0 282.5951481437628
36.816654 0.5755541 8510.0 103.0 282.59514618495314
144.78 0.36 286.0 1459.0 382.59514611755037
34.92 0.1 90.0 55.0 382.22315550583596
37.644363 1.2292593 4064.0 488.0 112.90004568951758
0.0 0.0 0.0 38.0 163.89999127274803
305.51294 4.8756475 3751.0 586.0 282.59514618495314
26544.709 5.145161 49542.0 25910.0 293.100181567286
80326.92 281.53845 8046.0 17623.0 282.59514618495314
0.0 0.0 0.0 42.0 163.89999127274803
28.982216 5.570388 2284.0 87.0 282.59514618495314
154.96907 9.901325 1501.0 258.0 178.10006661685205
144.78 0.36 286.0 1448.0 382.59514611755037
0.0 0.0 0.0 20.0 163.89999127274803
206.16837 2.257653 2760.0 114.0 186.10003815074788
31.476 5.772 55.0 64.0 282.5916616208005
13236.201 1.2910053 20128.0 9779.0 582.5951461849531
252.48672 0.23893805 2119.0 343.0 185.09999271273642
258.20276 26.89347 2604.0 474.0 365.1000082212767
15.826514 1.5859247 82.0 30.0 281.1885744311339
114.67742 56.112904 671.0 105.0 127.10001536423994
114.67742 56.112904 671.0 76.0 127.10001536423994
15.826514 1.5859247 82.0 27.0 281.1885744311339
92.030655 2.8249307 17214.0 1413.0 482.59514618495314
106.81464 1.6065041 1426.0 160.0 138.10014773699783
11.612504 2.6469667 1124.0 219.0 70.89956563847724
15.826514 1.5859247 82.0 28.0 281.1885744311339
151.69678 14.135484 172.0 131.0 182.59514618495314
758.69385 130.48979 359.0 89.0 282.59514618495314
38.061874 1.1040142 1739.0 354.0 223.90036870068286
92.030655 2.8249307 17214.0 1924.0 482.59514618495314
30.866667 5.6666665 884.0 195.0 282.59514618495314
2017.4188 7.972944 3683.0 403.0 447.89973547706984
91.81633 1.0204082 607.0 127.0 282.59514618495314
168.21143 1.9684082 1390.0 758.0 196.10024762860917
2017.4188 7.972944 3683.0 8684.0 447.89973547706984
110.72868 0.40697673 407.0 110.0 183.8997037550891
206.16837 2.257653 2760.0 125.0 186.10003815074788
38.061874 1.1040142 1739.0 156.0 223.90036870068286
875.6991 0.47298995 71976.0 1595.0 282.59514618495314
43.57066 7.4281864 714.0 90.0 142.100005766101
206.16837 2.257653 2760.0 128.0 186.10003815074788
19.437527 6.5377483 1310.0 43.0 49.10007473098764
2168.547 23.62264 15125.0 5006.0 282.59514618495314
50.9875 15.225 194.0 51.0 182.59514618494364
6182.202 11.394715 88824.0 4838.0 2702.900043373374
37.66829 3.1459143 844.0 271.0 182.59514618495308
110.72868 0.40697673 407.0 119.0 183.8997037550891
6273.944 4.4651165 25815.0 2616.0 382.59514618495314
64.24745 1.118032 2368.0 265.0 157.10006794540806
1013.91394 3.6575944 2903.0 1072.0 681.8995714187952
134.14285 34.252747 827.0 384.0 282.59514618495314
0.14450867 1.2427746 189.0 8.0 223.1489729475695
3.3030303 1.4 148.0 58.0 240.36540624089463
30.202703 5.5827703 427.0 250.0 282.59510512227945
1004.67535 14.532468 3148.0 605.0 382.59514618495314
1020.4065 15.282131 5226.0 4213.0 582.5951461849531
37.644363 1.2292593 4064.0 63.0 112.90004568951758
325.20642 2.2365952 1640.0 170.0 155.8995543827239
0.14450867 1.2427746 189.0 16.0 223.1489729475695
3993.907 5.4469028 23690.0 3279.0 1782.5951461849531
41.648148 0.5231481 276.0 51.0 82.59514618495314
136.64926 4.6448784 1575.0 572.0 329.099958779035
666.4042 8.543554 3755.0 33.0 182.59514618495314
66.0 141.5 64.0 6491.0 182.59514618495314
91.81633 1.0204082 607.0 91.0 282.59514618495314
73.54374 1.3539548 86666.0 2070.0 282.59514618495314
360.9312 3.5555556 16195.0 383.0 288.8998707778978
41.648148 0.5231481 276.0 65.0 82.59514618495314
1006.432 1.424 16550.0 550.0 197.89997563612027
8800.656 4.703125 12632.0 5509.0 282.59514618495314
2.946825 3.4166343 686.0 29.0 182.5951405607979
469.04544 12.924242 960.0 2663.0 596.1000370040664
16.607407 5.0814815 217.0 30.0 82.59480639374004
8.866747 1.5008051 1290.0 172.0 236.8996108980453
1367.0182 21.5013 8316.0 3872.0 582.5951461849531
41.648148 0.5231481 276.0 84.0 82.59514618495314
1355.3193 0.90171754 10848.0 2018.0 491.09958778168823
19.159575 19.021276 306.0 38.0 282.59514618495314
253070.69 437.53845 10710.0 23613.0 282.59514618495314
37.644363 1.2292593 4064.0 74.0 112.90004568951758
66.0 141.5 64.0 38.0 182.59514618495314
16.844444 2.851852 252.0 45.0 59.90001815680671
176.5891 0.039170507 430.0 82.0 282.59514618495314
1201.8796 3.5127056 4742.0 4023.0 482.59514618495314
19.791666 3.844697 109.0 50.0 81.56015483594706
2601.965 1.2093023 19307.0 3602.0 182.59514618495314
5.2015915 5.3076925 101.0 31.0 281.97899878935715
578.864 6.872 1132.0 92.0 482.59514618495314
90.09091 20.954546 92.0 559.0 97.90005072717418
35.137527 11.829837 207.0 184.0 282.59514618495007
0.14450867 1.2427746 189.0 15.0 223.1489729475695
712.26984 1.1269841 3253.0 3032.0 282.59514618495314
6850.0117 71.52873 36864.0 6205.0 482.59514618495314
16.523796 3.5275912 1053.0 71.0 30.10006426591852
15.307693 13.271062 1384.0 58.0 282.59514618495314
2859.5732 6.0 23366.0 1701.0 282.59514618495314
52.394894 2.231827 30.0 183.0 323.66252624309567
21.63453 1.2937219 280.0 80.0 75.91932658368677
0.0 0.0 0.0 118.0 163.89999127274803
81.02332 1.696793 100.0 43.0 282.59514618495285
709.5594 6.232673 491.0 16.0 282.59514618495314
2.0248756 4.6252074 199.0 17036.0 279.53619225533686
1319.8478 3.3703704 6719.0 789.0 582.5951461849531
3.4312298 3.5695794 592.0 35.0 108.09999281111425
5078.6875 2.5625 28418.0 6140.0 382.59514618495314
578.864 6.872 1132.0 788.0 482.59514618495314
110.72868 0.40697673 407.0 114.0 183.8997037550891
1319.8478 3.3703704 6719.0 21.0 582.5951461849531
547.0046 0.77722394 11420.0 1060.0 282.59514618495314
2.0248756 4.6252074 199.0 1061.0 279.53619225533686
119.13372 11.755087 2145.0 234.0 182.59514618495314
258.20276 26.89347 2604.0 533.0 365.1000082212767
199.44263 8.032787 520.0 15.0 282.59514618495314
2.0248756 4.6252074 199.0 335.0 279.53619225533686
578.864 6.872 1132.0 489.0 482.59514618495314
434.85437 10.315534 199.0 87.0 282.59514618495314
28.290354 0.06791338 77.0 48.0 53.100009651851764
471.42554 15.521276 362.0 1042.0 282.59514618495314
2.0248756 4.6252074 199.0 19.0 279.53619225533686
110.72868 0.40697673 407.0 154.0 183.8997037550891
5.299528 1.9626572 1740.0 75.0 182.59526066473668
320.76 29.445 849.0 446.0 282.59514618495314
75.111115 6.111111 71.0 195.0 282.5950453493189
53.252605 2.1067708 1782.0 40.0 282.59514618495314
21808.35 78.383224 11418.0 32628.0 582.5951461849531
1319.8478 3.3703704 6719.0 1829.0 582.5951461849531
37.644363 1.2292593 4064.0 88.0 112.90004568951758
1974.3776 1.9030613 857.0 543.0 282.59514618495314
5278.6665 26.291666 163.0 58909.0 282.59514618495314
1184.763 1.5560344 11135.0 4230.0 482.59514618495314
411.3398 2.08865 2595.0 5499.0 482.59514618495314
1319.8478 3.3703704 6719.0 1501.0 582.5951461849531
83.46793 4.3729215 1127.0 135.0 189.10004904003586
2195.7722 284.00845 2818.0 32.0 482.59514618495314
299.8201 11.527197 420.0 1184.0 44.09984747761956
11505.971 1.2130177 5656.0 6000.0 682.5951461849531
9.5 2.5 4.0 17.0 283.85270157530505
2210.3103 8.530377 21887.0 818.0 182.59514618495314
744.1134 9.120275 10446.0 346.0 382.59514618495314
48800.11 0.16444445 56951.0 47557.0 282.59514618495314
26435.793 1.9655173 40426.0 10472.0 382.59514618495314
5398.9053 9.557895 84412.0 4236.0 882.5951461849531
55.921535 11.048683 1834.0 92.0 97.90002925364706
11.431632 1.1506381 949.0 41.0 282.59506557060945
685.17346 1.9897959 118.0 103.0 282.59514618495314
206.16837 2.257653 2760.0 331.0 186.10003815074788
1249.071 2.7819905 3800.0 652.0 412.10030388274004
622624.1 29.77458 612488.0 3303037.0 382.59514618495314
198.01222 24.613035 1842.0 213.0 141.10014990078787
31.818726 2.8007967 1059.0 265.0 182.59517349861852
1131.103 36.49394 1050.0 823.0 350.90051365638726
110.72868 0.40697673 407.0 221.0 183.8997037550891
37.65 8.711764 298.0 222.0 282.595146184953
5551.5117 8.834645 16873.0 4629.0 582.5951461849531
162241.62 8.4585285 425648.0 188276.0 482.59514618495314
4.7862067 2.633793 384.0 92.0 208.44973544444886
3.200151 4.6253777 511.0 45.0 282.59514305231556
12.510115 0.5872061 253.0 47.0 80.46500622085881
4.7862067 2.633793 384.0 23.0 208.44973544444886
404.72656 2.9296875 2418.0 610.0 282.59514618495314
74.11755 2.2053292 2260.0 150.0 182.59514618495314
55.73784 1.2567568 203.0 39.0 160.90000750684308
3064.812 5.134311 15757.0 7906.0 2315.100043863907
896.93695 2.7212884 8499.0 256.0 669.8999876770933
376.11023 2.1377952 2665.0 716.0 282.59514618495314
744.1134 9.120275 10446.0 266.0 382.59514618495314
6182.202 11.394715 88824.0 3991.0 2702.900043373374
9.367246 6.1042185 78.0 208.0 282.60026994732925
27.715948 1.3024721 425.0 350.0 282.5951461841471
55.73784 1.2567568 203.0 142.0 160.90000750684308
6182.202 11.394715 88824.0 4690.0 2702.900043373374
1319.8478 3.3703704 6719.0 1371.0 582.5951461849531
256.06747 1.8378632 1421.0 2461.0 276.09999271286614
16.523796 3.5275912 1053.0 53.0 30.10006426591852
2.6578226 1.483989 439.0 58.0 282.87644906529124
6182.202 11.394715 88824.0 169.0 2702.900043373374
198.01222 24.613035 1842.0 6153.0 141.10014990078787
62.605858 4.655571 1341.0 272.0 133.90046995702625
23313.477 4.715909 28386.0 26269.0 882.5951461849531
206.16837 2.257653 2760.0 187.0 186.10003815074788
119.25 0.8333333 79.0 246.0 307.10005650177055
4889.407 13.0 3339.0 11809.0 282.59514618495314
1294.1154 21.192308 8754.0 11.0 382.59514618495314
14.071428 0.15384616 256.0 2129.0 178.4376538154931
8.970968 3.1419668 2310.0 33.0 20.90007511713077
3.0638874 1.4582168 1263.0 12.0 58.8997654351067
14.071428 0.15384616 256.0 27.0 178.4376538154931
6182.202 11.394715 88824.0 5462.0 2702.900043373374
40.786766 1.625 101.0 30.0 282.59514618495314
1235.9155 23.633802 5105.0 928.0 582.5951461849531
23.969994 5.978522 927.0 265.0 182.59514610860788
8358.263 2.8360655 7960.0 17127.0 782.5951461849531
5398.9053 9.557895 84412.0 5126.0 882.5951461849531
65.183784 3.4178896 775.0 41.0 282.59514618495314
30.56627 1.1540766 2578.0 61.0 142.90006661389714
875.6991 0.47298995 71976.0 1744.0 282.59514618495314
2.164391 6.7607865 1143.0 12.0 282.5951341855618
45.153595 13.493464 1285.0 79.0 85.90007473098757
744.1134 9.120275 10446.0 20.0 382.59514618495314
7.2886596 1.814433 141.0 383.0 127.90004947725302
347.2647 17.588236 1035.0 337.0 282.59514618495314
7.2886596 1.814433 141.0 32.0 127.90004947725302
105035.836 2.124555 49706.0 109822.0 382.59514618495314
120.29199 2.2118864 370.0 261.0 282.59514618495314
160712.38 44.76652 11741.0 23402.0 282.59514618495314
144.90181 6.977341 6138.0 1105.0 508.0997307738836
19638.707 32.58663 11430.0 17543.0 282.59514618495314
14950.323 6.009804 17573.0 11057.0 382.59514618495314
45.153595 13.493464 1285.0 15.0 85.90007473098757
74.30556 1.6111112 259.0 150.0 282.59514618495314
2312.5576 10.8894005 5308.0 4747.0 682.5951461849531
252.48672 0.23893805 2119.0 58.0 185.09999271273642
85.38525 1.6147541 555.0 679.0 69.90044895535587
119.43235 16.859804 846.0 201.0 182.59514618495314
8358.263 2.8360655 7960.0 14798.0 782.5951461849531
353.94318 2.4488637 4503.0 480.0 410.8995701437943
23.830845 3.5323384 253.0 46.0 58.0995877267018
486.90475 12.369047 55.0 349.0 282.59514618495314
168.21143 1.9684082 1390.0 129.0 196.10024762860917
94.75 3.453125 184.0 117.0 282.5951461849534
110.72868 0.40697673 407.0 66.0 183.8997037550891
299.2956 23.427673 344.0 139.0 282.59514618495314
70.04663 0.8076603 701.0 192.0 116.89999209588535
3.0638874 1.4582168 1263.0 49.0 58.8997654351067
30.56627 1.1540766 2578.0 67.0 142.90006661389714
160.88089 1.4441687 468.0 137.0 59.100214362129236
5.0012302 8.265682 165.0 256.0 282.595146182005
98.81135 9.93153 1901.0 275.0 282.59514618495314
140.38889 4.0416665 706.0 70.0 144.0996057108287
140.38889 4.0416665 706.0 35.0 144.0996057108287
2.9229078 1.0380388 528.0 378.0 82.90001536456245
45.153595 13.493464 1285.0 94.0 85.90007473098757
7.080645 2.1451614 609.0 199.0 139.1000381737233
159.01942 0.1553398 1233.0 996.0 282.59514618495314
486.90475 12.369047 55.0 735.0 282.59514618495314
86.30064 5.322785 118.0 191.0 274.1000456121995
195.37895 1.0118607 4989.0 422.0 513.9000324936596
4.792 6.224 151.0 81.0 182.3138264387071
103.35511 20.897728 500.0 26.0 82.59514618495297
103.35511 20.897728 500.0 31.0 82.59514618495297
59110.42 2.2284484 355230.0 75178.0 382.59514618495314
206.16837 2.257653 2760.0 149.0 186.10003815074788
128.53316 6.045718 2010.0 217.0 113.90025267871295
24.830107 5.1639786 382.0 43.0 343.90004880098144
160.88089 1.4441687 468.0 363.0 59.100214362129236
206.16837 2.257653 2760.0 63.0 186.10003815074788
78.77049 2.7978141 469.0 103.0 182.59514618495314
4.849182 0.9872804 1647.0 186.0 282.59514618495314
1214.0233 1.0310078 4599.0 3266.0 582.5951461849531
1557.241 27.27711 1672.0 219.0 282.59514618495314
4.849182 0.9872804 1647.0 3195.0 282.59514618495314
6.993484 1.0381262 944.0 34.0 42.90006521968576
12.082293 1.3350477 1897.0 32.0 239.10001053109679
55.878788 2.6969697 209.0 371.0 267.9871451356035
62.605858 4.655571 1341.0 180.0 133.90046995702625
6886.785 1.1818181 15596.0 18.0 482.59514618495314
103.35511 20.897728 500.0 7156.0 82.59514618495297
103.35511 20.897728 500.0 28.0 82.59514618495297
21.97095 2.90193 2848.0 118.0 303.9001448689151
103.35511 20.897728 500.0 52.0 82.59514618495297
85.38525 1.6147541 555.0 52.0 69.90044895535587
14.02498 1.0708436 2725.0 48.0 29.100078660403994
84.18925 1.1812828 1236.0 63.0 82.59514618495314
177.64479 12.225792 3466.0 372.0 482.59514618495314
460.101 1.769697 1346.0 32.0 313.90005072717406
41.0 30.166666 204.0 446.0 282.59514618495314
98.81135 9.93153 1901.0 237.0 282.59514618495314
43.57066 7.4281864 714.0 58.0 142.100005766101
140.38889 4.0416665 706.0 52.0 144.0996057108287
12.609589 2.4726028 1024.0 102.0 182.5951461772796
6.993484 1.0381262 944.0 67.0 42.90006521968576
21.567915 0.30481285 790.0 66.0 87.90004368496898
1369.9359 71.009346 11246.0 526.0 453.0997654351068
1369.9359 71.009346 11246.0 1101.0 453.0997654351068
1655.9923 1.4055059 11788.0 1546.0 1214.8997703004047
140.38889 4.0416665 706.0 67.0 144.0996057108287
1351.0 6.5 48.0 1452.0 282.59514618495314
1369.9359 71.009346 11246.0 1408.0 453.0997654351068
258.20276 26.89347 2604.0 593.0 365.1000082212767
270.81516 9.625592 2600.0 1103.0 382.59514618495314
1369.9359 71.009346 11246.0 1012.0 453.0997654351068
2718.4211 3.3992674 5837.0 660.0 282.59514618495314
0.6537037 1.4685185 271.0 3.0 283.0338024341872
19044.822 0.3033531 1087186.0 66658.0 1566.0996170308968
30.56627 1.1540766 2578.0 85.0 142.90006661389714
109.319145 4.206687 1216.0 110.0 135.90007135314335
55.993896 3.1246643 3359.0 53.0 74.10007866040394
1492.1907 2.620275 5142.0 1418.0 1084.100067476169
14.534391 0.8306878 450.0 47.0 248.63686180418821
1351.0 6.5 48.0 71.0 282.59514618495314
32.47452 11.022293 172.0 1054.0 282.597790259625
23.830845 3.5323384 253.0 74.0 58.0995877267018
103.35511 20.897728 500.0 52.0 82.59514618495297
26.408972 2.6222866 1636.0 163.0 82.59514618495314
251.53139 9.987448 11817.0 60.0 282.59514618495314
140.38889 4.0416665 706.0 42.0 144.0996057108287
17.528301 5.264151 54.0 11.0 282.47635117993923
2005.3884 0.024793388 17197.0 7715.0 382.59514618495314
168.21143 1.9684082 1390.0 872.0 196.10024762860917
96.81863 19.563726 175.0 111.0 99.8997765014405
519.91565 19.536144 2708.0 457.0 282.59514618495314
0.0 0.0 0.0 564.0 163.89999127274803
84.18925 1.1812828 1236.0 38.0 82.59514618495314
109.319145 4.206687 1216.0 113.0 135.90007135314335
1492.1907 2.620275 5142.0 1889.0 1084.100067476169
39.108532 1.2064104 1864.0 68.0 137.1000383412503
84.85095 1.5338753 1508.0 129.0 182.59514618495314
0.44827586 0.75123155 12.0 16.0 269.4762370626238
30.56627 1.1540766 2578.0 79.0 142.90006661389714
177.64479 12.225792 3466.0 1976.0 482.59514618495314
970.12585 2.423841 4627.0 1139.0 282.59514618495314
17.259642 2.4137914 3256.0 125.0 186.89999131423468
384.8226 6.6585364 1730.0 273.0 570.9000743381678
70.04663 0.8076603 701.0 184.0 116.89999209588535
325.20642 2.2365952 1640.0 164.0 155.8995543827239
9960.0 61.0 10506.0 20132.0 282.59514618495314
1889.531 11.888737 10857.0 1239.0 782.5951461849531
109.319145 4.206687 1216.0 98.0 135.90007135314335
1.2118282 0.89768386 180.0 11.0 159.099992130952
853.7381 0.64405644 2843.0 626.0 294.09987703357547
168.21143 1.9684082 1390.0 205.0 196.10024762860917
5551.5117 8.834645 16873.0 6731.0 582.5951461849531
4555.6987 13.419354 4867.0 3993.0 382.59514618495314
120.12281 10.732456 2481.0 112.0 248.89998890848568
90.84438 3.1930835 71.0 59.0 51.10041690945474
109.319145 4.206687 1216.0 109.0 135.90007135314335
5.120482 0.9578313 251.0 62.0 240.42701241678955
19.305769 3.4346154 212.0 55.0 282.43048508042654
30.56627 1.1540766 2578.0 4008.0 142.90006661389714
84.18925 1.1812828 1236.0 37.0 82.59514618495314
419.73 110.405 872.0 142.0 382.59514618495314
353.94318 2.4488637 4503.0 432.0 410.8995701437943
84.18925 1.1812828 1236.0 39.0 82.59514618495314
238.47594 9.893048 509.0 843.0 282.59514618495314
411.1613 0.7311828 2669.0 395.0 208.10008387237815
13.558181 0.93740624 2752.0 203.0 77.89998886784889
84.18925 1.1812828 1236.0 29.0 82.59514618495314
62.605858 4.655571 1341.0 174.0 133.90046995702625
365.7097 2.516129 1511.0 453.0 282.59514618495314
47.116577 1.5495772 4072.0 84.0 126.90007674196022
35.802467 4.330247 235.0 195.0 282.2769516398649
251.52838 0.78918916 1878.0 92.0 82.90004527240228
1058.6052 10.3126335 5059.0 6814.0 282.59514618495314
70.26407 0.7012987 214.0 104.0 282.5928631885372
84.18925 1.1812828 1236.0 37.0 82.59514618495314
21.297045 1.473399 576.0 1423.0 282.59514615137266
1060.3834 0.43045112 3040.0 765.0 482.59514618495314
638.3204 2.4271846 8581.0 1525.0 382.59514618495314
251.52838 0.78918916 1878.0 91.0 82.90004527240228
1889.531 11.888737 10857.0 1181.0 782.5951461849531
5479.0674 13.742435 15692.0 7610.0 475.0998968299847
188.597 2.7481935 1249.0 1243.0 119.89999378216186
22940.139 15.338462 120830.0 2101.0 1182.5951461849531
3993.907 5.4469028 23690.0 3210.0 1782.5951461849531
10.205311 0.7975104 1401.0 274.0 82.59477488441294
35.25 6.4375 408.0 25.0 56.90004448692679
2312.5576 10.8894005 5308.0 2139.0 682.5951461849531
9.132414 0.92662066 797.0 78.0 108.89956566902543
14.545455 0.97727275 33.0 248.0 265.3974448821748
5479.0674 13.742435 15692.0 7991.0 475.0998968299847
19.825018 1.6695589 1510.0 118.0 139.10030919204684
30.56627 1.1540766 2578.0 77.0 142.90006661389714
2886.5164 6.689781 6312.0 678.0 501.09956844689447
1018.9816 64.651375 7028.0 444.0 382.59514618495314
27.825758 0.67424244 59.0 25.0 282.5844454293523
722.1032 29.344477 3070.0 766.0 582.5951461849531
67.70498 1.1735854 1202.0 1620.0 446.90000988041254
160.91011 17.97191 692.0 78.0 182.59514618495314
4794.4424 0.48076922 20332.0 5396.0 482.59514618495314
4090.9324 4.135135 1664.0 1812.0 382.59514618495314
578.864 6.872 1132.0 624.0 482.59514618495314
1018.9816 64.651375 7028.0 492.0 382.59514618495314
154.96907 9.901325 1501.0 143.0 178.10006661685205
744.1134 9.120275 10446.0 463.0 382.59514618495314
5479.0674 13.742435 15692.0 10937.0 475.0998968299847
526.3205 13.666667 3963.0 1144.0 282.59514618495314
11.942271 1.5419477 1282.0 55.0 41.90014990177448
159.01942 0.1553398 1233.0 989.0 282.59514618495314
52.516483 11.021978 638.0 50.0 182.59514618495314
3.3707387 1.5205966 182.0 54.0 257.50432107464115
3.7530663 1.6443173 94.0 111.0 261.802205901523
2.0248756 4.6252074 199.0 41.0 279.53619225533686
317.51776 0.40101522 528.0 339.0 382.59514618495314
154.96907 9.901325 1501.0 155.0 178.10006661685205
354.7927 39.436153 1116.0 588.0 482.59514618495314
11.942271 1.5419477 1282.0 41.0 41.90014990177448
66.62366 4.876344 1680.0 222.0 289.8998930802239
8488.969 0.02676399 38762.0 9785.0 382.59514618495314
1123.0421 15.338947 1935.0 142.0 382.59514618495314
2996.8933 2.56 7696.0 2044.0 182.59514618495314
1.1349248 0.7630514 407.0 56.0 175.99653931250742
11.942271 1.5419477 1282.0 39.0 41.90014990177448
206.16837 2.257653 2760.0 125.0 186.10003815074788
24.033243 3.816825 1416.0 133.0 282.5951461849416
9.952381 6.2380953 52.0 86.0 282.57844897086056
2717.1028 2.046729 7495.0 20.0 182.59514618495314
35.25 6.4375 408.0 588.0 56.90004448692679
16.844444 2.851852 252.0 40.0 59.90001815680671
629.9674 5.137515 668.0 152.0 186.89999234914612
35.25 6.4375 408.0 33.0 56.90004448692679
105.888885 2.1388888 164.0 97.0 88.0999909873791
6182.202 11.394715 88824.0 4612.0 2702.900043373374
190.12715 2.8060346 761.0 112.0 282.59514618495314
8376.065 4.530374 31406.0 19579.0 282.59514618495314
654.79443 45.966667 12941.0 1858.0 282.59514618495314
2.847826 1.1879227 1061.0 62.0 276.82870802233924
11119.419 0.9354839 341.0 52280.0 182.59514618495314
6182.202 11.394715 88824.0 5505.0 2702.900043373374
492.64752 2.845953 10501.0 1420.0 282.59514618495314
23.716583 2.0556931 934.0 124.0 119.10012780775102
190.12715 2.8060346 761.0 138.0 282.59514618495314
3993.907 5.4469028 23690.0 3812.0 1782.5951461849531
896.93695 2.7212884 8499.0 875.0 669.8999876770933
52.27778 1.0833334 11.0 37.0 282.5951461849517
17.259642 2.4137914 3256.0 86.0 186.89999131423468
800.0045 61.417797 1422.0 226.0 182.59514618495314
73.9595 5.398488 1096.0 383.0 91.89964973468545
11097.0 3.1296296 27196.0 613.0 682.5951461849531
1018.9816 64.651375 7028.0 18941.0 382.59514618495314
441.8686 3.8525577 1511.0 345.0 282.59514618495314
0.31695968 1.6566701 1120.0 15.0 299.1000778671306
83.46793 4.3729215 1127.0 159.0 189.10004904003586
35.25 6.4375 408.0 46.0 56.90004448692679
974.2479 18.801653 899.0 754.0 382.59514618495314
1536.75 127.55 10178.0 1295.0 282.59514618495314
612.5566 2.7706423 4434.0 617.0 566.1002099905143
39.108532 1.2064104 1864.0 115.0 137.1000383412503
35.25 6.4375 408.0 69.0 56.90004448692679
0.31695968 1.6566701 1120.0 31.0 299.1000778671306
17161.562 4.6875 15528.0 8964.0 382.59514618495314
3.8522506 0.5667808 1309.0 224.0 182.59506480981736
84.18925 1.1812828 1236.0 59.0 82.59514618495314
160.88089 1.4441687 468.0 62.0 59.100214362129236
30.56627 1.1540766 2578.0 85.0 142.90006661389714
46536.938 0.63414633 74792.0 59006.0 182.59514618495314
37.644363 1.2292593 4064.0 74.0 112.90004568951758
47.116577 1.5495772 4072.0 347.0 126.90007674196022
140.38889 4.0416665 706.0 63.0 144.0996057108287
5011.3335 88.083336 5306.0 56.0 282.59514618495314
35.25 6.4375 408.0 2092.0 56.90004448692679
10839.27 11.365385 631.0 2444.0 282.59514618495314
109.576675 5.752855 1944.0 636.0 185.90017744363587
84.18925 1.1812828 1236.0 49.0 82.59514618495314
7307.0 0.59090906 4614.0 43.0 282.59514618495314
84.18925 1.1812828 1236.0 58.0 82.59514618495314
0.060254924 1.1064117 549.0 2824.0 282.5951461845322
98.81135 9.93153 1901.0 105.0 282.59514618495314
487.11716 8.337874 943.0 1074.0 282.59514618495314
9.107371 1.1858975 324.0 278.0 118.89997407775806
607.1084 9.227273 610.0 941.0 382.59514618495314
0.22754769 1.1735691 87.0 94.0 221.69291679866254
30.194736 7.4473686 237.0 55.0 78.9000391913921
155.9854 10.822596 1749.0 289.0 361.899703760039
30.194736 7.4473686 237.0 43.0 78.9000391913921
208.8351 2.7995758 1666.0 295.0 303.09955957493264
0.64253646 0.1936027 107.0 59.0 37.49514441562118
16294.75 1.85 8893.0 30.0 682.5951461849531
39.20779 2.9584415 1226.0 163.0 182.59514618495314
84.85095 1.5338753 1508.0 13607.0 182.59514618495314
24.242773 1.6433299 1493.0 239.0 129.099618562936
28.497538 8.73399 1317.0 186.0 282.59514618495314
29.991081 6.490005 3074.0 75.0 96.09995877903498
7.0076604 0.0062674093 6379.0 905.0 282.59514618495314
19.98882 3.8906832 828.0 14.0 37.09958778168823
130.28374 3.6985476 916.0 526.0 548.0996173669707
2501.5 39.75 2448.0 2749.0 282.59514618495314
12749.562 92.00952 3484.0 4618.0 982.5951461849531
2289.3608 129.97939 1729.0 1193.0 382.59514618495314
2717.1028 2.046729 7495.0 1025.0 182.59514618495314
84.18925 1.1812828 1236.0 83.0 82.59514618495314
18.22448 1.2830387 1573.0 68.0 219.1000751171308
23.599424 2.2334294 1508.0 72.0 83.09999182222555
115.646034 0.874717 1155.0 368.0 272.1003646038671
1513.022 11.263737 1330.0 155.0 282.59514618495314
18.22448 1.2830387 1573.0 1137.0 219.1000751171308
208.8351 2.7995758 1666.0 1049.0 303.09955957493264
1.9010638 1.1900709 487.0 19.0 382.2213866967169
11.556901 1.5956416 2710.0 314.0 282.59514618495314
208.8351 2.7995758 1666.0 332.0 303.09955957493264
1492.1907 2.620275 5142.0 913.0 1084.100067476169
184.16357 1.6265432 2750.0 158.0 282.59514618495314
1731.9375 15.5 2589.0 1450.0 382.59514618495314
3238.303 3.2424242 16352.0 911.0 282.59514618495314
59110.42 2.2284484 355230.0 31248.0 382.59514618495314
1.9010638 1.1900709 487.0 9.0 382.2213866967169
34.832256 0.37703225 4818.0 19.0 182.59514618495314
81.67626 14.4388485 230.0 32.0 282.59514618495314
94.6875 0.5625 703.0 73.0 182.59515504467493
7.0076604 0.0062674093 6379.0 986.0 282.59514618495314
7.0076604 0.0062674093 6379.0 19.0 282.59514618495314
144.90181 6.977341 6138.0 1809.0 508.0997307738836
34.832256 0.37703225 4818.0 469.0 182.59514618495314
631.91156 2.7173078 2525.0 180.0 188.10043508801067
687.45276 3.6489105 3478.0 943.0 561.900010691099
34.832256 0.37703225 4818.0 28.0 182.59514618495314
47.116577 1.5495772 4072.0 174.0 126.90007674196022
206.16837 2.257653 2760.0 143.0 186.10003815074788
136.64926 4.6448784 1575.0 489.0 329.099958779035
3238.303 3.2424242 16352.0 5267.0 282.59514618495314
505.41702 12.089362 47741.0 7037.0 282.59514618495314
23.830845 3.5323384 253.0 85.0 58.0995877267018
7.705 1.7983333 901.0 80.0 282.59514618471144
310.7549 23.17647 3215.0 395.0 382.59514618495314
115.646034 0.874717 1155.0 220.0 272.1003646038671
398.96 42.4 7913.0 165.0 282.59514618495314
16.844444 2.851852 252.0 31.0 59.90001815680671
0.0 0.0 0.0 44.0 163.89999127274803
300.76575 12.293706 1185.0 416.0 189.09998840048593
84.18925 1.1812828 1236.0 33.0 82.59514618495314
476.18353 3.379747 2841.0 1067.0 682.5951461849531
84.18925 1.1812828 1236.0 40.0 82.59514618495314
29.991081 6.490005 3074.0 87.0 96.09995877903498
66.935135 16.264864 591.0 85.0 282.59514605732227
81.83665 1.1103753 3302.0 365.0 382.59514618495314
6.2676024 1.014465 2326.0 120.0 282.59517288410564
11899.053 59.05263 29204.0 8864.0 482.59514618495314
47.116577 1.5495772 4072.0 150.0 126.90007674196022
140.38889 4.0416665 706.0 77.0 144.0996057108287
25.852243 4.474934 149.0 63.0 72.09999179078798
93.594734 3.9526315 292.0 51.0 119.89973547059657
526.3205 13.666667 3963.0 1279.0 282.59514618495314
443.73013 3.1789474 1173.0 329.0 382.59514618495314
1730.6189 9.628684 2960.0 910.0 482.59514618495314
187.89473 0.6535088 2646.0 664.0 404.8999917908366
98.22642 1.3773584 478.0 10580.0 182.59514576257442
8992.101 0.038014784 60526.0 1176.0 882.5951461849531
64.859215 1.3561077 853.0 1087.0 282.59514618495274
187.89473 0.6535088 2646.0 2192.0 404.8999917908366
35.25 6.4375 408.0 80.0 56.90004448692679
8992.101 0.038014784 60526.0 11567.0 882.5951461849531
1064.0 3.0440252 813.0 194.0 282.59514618495314
159.01942 0.1553398 1233.0 1129.0 282.59514618495314
1707.745 4.0584297 2195.0 437.0 295.100064369358
73.69748 4.1008406 739.0 89.0 121.90003744004218
154.96907 9.901325 1501.0 145.0 178.10006661685205
84.18925 1.1812828 1236.0 34.0 82.59514618495314
114.67742 56.112904 671.0 219.0 127.10001536423994
936.2222 1.6666666 526.0 421.0 382.59514618495314
404.72656 2.9296875 2418.0 47.0 282.59514618495314
25.40133 1.654102 452.0 521.0 45.90004026728184
1707.745 4.0584297 2195.0 308.0 295.100064369358
16.844444 2.851852 252.0 65.0 59.90001815680671
8992.101 0.038014784 60526.0 92.0 882.5951461849531
25.969925 9.443609 61.0 39.0 282.59511201204987
84.18925 1.1812828 1236.0 16468.0 82.59514618495314
424.2735 15.658119 454.0 591.0 192.09956242729328
1061.86 6.94 11369.0 638.0 182.59514618495314
70.04663 0.8076603 701.0 110.0 116.89999209588535
208.8351 2.7995758 1666.0 941.0 303.09955957493264
84.18925 1.1812828 1236.0 51.0 82.59514618495314
2.9229078 1.0380388 528.0 223.0 82.90001536456245
4690.9165 0.23333333 177639.0 2419.0 97.10014830468435
896.93695 2.7212884 8499.0 658.0 669.8999876770933
590.4524 9.464286 303.0 65.0 282.59514618495314
187.89473 0.6535088 2646.0 686.0 404.8999917908366
85.7602 3.0663266 58.0 746.0 182.59514618495314
154.96907 9.901325 1501.0 14.0 178.10006661685205
25.40133 1.654102 452.0 137.0 45.90004026728184
1631.8942 29.886862 8677.0 188.0 782.5951461849531
176.8895 6.7486186 953.0 2490.0 126.09961856293597
1426.2632 1.2105263 326.0 2505.0 382.59514618495314
84.18925 1.1812828 1236.0 48.0 82.59514618495314
1013.91394 3.6575944 2903.0 1043.0 681.8995714187952
154.96907 9.901325 1501.0 108.0 178.10006661685205
154.96907 9.901325 1501.0 273.0 178.10006661685205
144.90181 6.977341 6138.0 413.0 508.0997307738836
84.18925 1.1812828 1236.0 112.0 82.59514618495314
310.7549 23.17647 3215.0 43.0 382.59514618495314
84.18925 1.1812828 1236.0 509.0 82.59514618495314
685.17346 1.9897959 118.0 43.0 282.59514618495314
84.18925 1.1812828 1236.0 45.0 82.59514618495314
987.3405 52.848354 10864.0 672.0 282.59514618495314
84.18925 1.1812828 1236.0 91.0 82.59514618495314
51.636055 7.9217687 901.0 47.0 182.59514618495314
77.652374 1.6358839 3562.0 121.0 282.59514618495314
680.91345 0.120192304 3350.0 1913.0 229.1002933337266
4378.314 13.470589 17079.0 46.0 282.59514618495314
685.17346 1.9897959 118.0 8085.0 282.59514618495314
32.47452 11.022293 172.0 86.0 282.597790259625
84.18925 1.1812828 1236.0 49.0 82.59514618495314
2082.789 38.552708 23946.0 6083.0 282.59514618495314
1740.0435 2.4956522 724.0 10027.0 282.59514618495314
10.0 0.6666667 11.0 31.0 282.5962952316257
140.1844 5.9078016 197.0 822.0 82.59514618495314
84.18925 1.1812828 1236.0 51.0 82.59514618495314
84489.586 21.532467 85101.0 249.0 282.59514618495314
278.03793 9.934959 401.0 95270.0 282.59514618495314
13.558181 0.93740624 2752.0 49.0 77.89998886784889
13.558181 0.93740624 2752.0 41.0 77.89998886784889
47.116577 1.5495772 4072.0 424.0 126.90007674196022
13.558181 0.93740624 2752.0 49.0 77.89998886784889
5197.108 3.881081 14254.0 3748.0 382.59514618495314
17.921606 0.512003 407.0 3551.0 282.5945063813789
98.81135 9.93153 1901.0 261.0 282.59514618495314
59.723682 5.392105 382.0 59.0 182.59968331388032
159.01942 0.1553398 1233.0 426.0 282.59514618495314
19.437527 6.5377483 1310.0 61.0 49.10007473098764
19044.822 0.3033531 1087186.0 71185.0 1566.0996170308968
565.381 1.7731092 3336.0 1170.0 382.59514618495314
90.84438 3.1930835 71.0 79.0 51.10041690945474
42.711327 1.5322777 2104.0 9662.0 111.9001989030204
84.18925 1.1812828 1236.0 121.0 82.59514618495314
206.16837 2.257653 2760.0 170.0 186.10003815074788
13.558181 0.93740624 2752.0 129.0 77.89998886784889
0.2064401 1.5996542 912.0 33.0 282.59514618495257
13.558181 0.93740624 2752.0 43.0 77.89998886784889
9.715535 1.3995628 1173.0 324.0 382.59514618495314
279.29562 0.97445256 2662.0 115.0 182.59514618495314
70.04663 0.8076603 701.0 1719.0 116.89999209588535
19.791666 3.844697 109.0 46.0 81.56015483594706
2144.3418 9.300787 3075.0 115.0 982.5951461849531
226.0 7.5675673 1284.0 1226.0 194.10007257009744
17.259642 2.4137914 3256.0 90.0 186.89999131423468
5.318087 2.4241164 789.0 498.0 182.59514594051052
22.166348 3.0516253 1376.0 174.0 282.59514618495314
13.558181 0.93740624 2752.0 37.0 77.89998886784889
1401.8667 39.133335 184.0 152.0 282.59514618495314
203.53716 0.30236486 2433.0 3040.0 271.09967628131164
13.558181 0.93740624 2752.0 75.0 77.89998886784889
145.29492 13.427118 751.0 182.0 282.5951461850768
42.711327 1.5322777 2104.0 154.0 111.9001989030204
22.166348 3.0516253 1376.0 192.0 282.59514618495314
41.076088 26.127718 788.0 96.0 143.10026283114604
21.21511 7.0534167 524.0 184.0 282.5904517167135
1242.5238 3.0160933 9652.0 525.0 582.5951461849531
29.078585 2.2082515 225.0 9076.0 282.58393682874754
431.5816 9.58159 2769.0 293.0 182.59514618495314
203.53716 0.30236486 2433.0 1317.0 271.09967628131164
13.558181 0.93740624 2752.0 74.0 77.89998886784889
47.116577 1.5495772 4072.0 240.0 126.90007674196022
106.81464 1.6065041 1426.0 181.0 138.10014773699783
59.723682 5.392105 382.0 123.0 182.59968331388032
7286.2617 8.52349 181304.0 12623.0 382.59514618495314
206.16837 2.257653 2760.0 134.0 186.10003815074788
24.126108 11.253257 297.0 62.0 65.09999209588534
853.7381 0.64405644 2843.0 1121.0 294.09987703357547
5197.108 3.881081 14254.0 201.0 382.59514618495314
445.17978 4.5898876 225.0 5628.0 382.59514618495314
0.3114035 0.90789473 32.0 60.0 226.79607314040214
5239.3433 0.8507463 1718.0 2783.0 382.59514618495314
143.9774 0.44067797 3064.0 494.0 282.59514618495314
135.76825 5.012804 1048.0 40.0 282.59514618495314
5197.108 3.881081 14254.0 4091.0 382.59514618495314
48.7094 3.1111112 298.0 7778.0 41.09995801867768
19.98882 3.8906832 828.0 43.0 37.09958778168823
5007.8125 60.214046 24061.0 794.0 682.5951461849531
187.89473 0.6535088 2646.0 2853.0 404.8999917908366
18.560165 0.9626556 83.0 19.0 282.53933869156424
19.98882 3.8906832 828.0 33.0 37.09958778168823
25556.223 3.282353 80210.0 22733.0 382.59514618495314
18.560165 0.9626556 83.0 10.0 282.53933869156424
73.54374 1.3539548 86666.0 183.0 282.59514618495314
124.08623 2.3564668 945.0 3434.0 196.10007475499793
63.273632 6.5771146 152.0 360.0 280.97022995568415
10952.225 11.793103 6093.0 22813.0 482.59514618495314
98.81135 9.93153 1901.0 340.0 282.59514618495314
203.69748 14.941176 189.0 120.0 282.59514618495314
744.1134 9.120275 10446.0 469.0 382.59514618495314
5007.8125 60.214046 24061.0 903.0 682.5951461849531
140.38889 4.0416665 706.0 151.0 144.0996057108287
102.666664 4.888889 23.0 289.0 282.5951387623601
239.54305 2.6357615 2257.0 301.0 282.59514618495314
19311.326 1.5045012 62795.0 102427.0 782.5951461849531
79.41702 1.0203426 1989.0 1056.0 282.59514618495314
0.0 0.0 0.0 392.0 163.89999127274803
36368.977 0.5739453 16738.0 62.0 1182.5951461849531
66.935135 16.264864 591.0 6654.0 282.59514605732227
1492.1907 2.620275 5142.0 62.0 1084.100067476169
34.65499 4.751592 527.0 642.0 103.89957141879506
5007.8125 60.214046 24061.0 1239.0 682.5951461849531
16.607407 5.0814815 217.0 45.0 82.59480639374004
21.812668 1.7304583 1757.0 64.0 114.10004561219944
939.8176 1.3272532 742.0 61.0 482.59514618495314
31.503496 1.4335665 282.0 1305.0 282.1720071929318
214.63483 2.3426967 5759.0 465.0 479.10004970165204
1632.7236 9.960526 2938.0 1872.0 482.59514618495314
5197.108 3.881081 14254.0 144.0 382.59514618495314
140.38889 4.0416665 706.0 7598.0 144.0996057108287
2032.5204 186.31122 10410.0 2545.0 236.9000713531434
13.558181 0.93740624 2752.0 125.0 77.89998886784889
66.51441 3.0358632 6694.0 1127.0 582.5951461849531
6275.6 1382.2375 7624.0 239.0 382.59514618495314
9.367246 6.1042185 78.0 735.0 282.60026994732925
294.3916 2.5266523 1412.0 113.0 153.1001815791601
88.52525 3.6767676 248.0 339.0 205.89999202669435
36368.977 0.5739453 16738.0 8189.0 1182.5951461849531
31.503496 1.4335665 282.0 54.0 282.1720071929318
17.202986 6.5820894 397.0 46.0 40.09995617974886
294.6472 12.27191 10169.0 166.0 157.89999258761986
80.53219 16.030043 1206.0 17.0 179.72932310777415
103.35511 20.897728 500.0 398.0 82.59514618495297
391.47272 5.4363637 1806.0 16.0 382.59514618495314
31.503496 1.4335665 282.0 15.0 282.1720071929318
18.560165 0.9626556 83.0 21.0 282.53933869156424
103.35511 20.897728 500.0 473.0 82.59514618495297
0.8039216 9.156863 69.0 44.0 282.58921063347356
60.82895 18.447369 203.0 56.0 182.59514618495314
139.5577 17.75 7310.0 118.0 69.09977030040457
48.7094 3.1111112 298.0 51.0 41.09995801867768
80.53219 16.030043 1206.0 41.0 179.72932310777415
48.7094 3.1111112 298.0 192.0 41.09995801867768
6182.202 11.394715 88824.0 3512.0 2702.900043373374
1707.745 4.0584297 2195.0 346.0 295.100064369358
42.711327 1.5322777 2104.0 123.0 111.9001989030204
19311.326 1.5045012 62795.0 54708.0 782.5951461849531
54.41791 1.9890547 9178.0 66.0 482.59514618495314
12.510115 0.5872061 253.0 1246.0 80.46500622085881
46.55355 1.3128314 470.0 244.0 182.5951461849378
6.2087617 2.6691997 407.0 15.0 50.899675484501785
17.363829 5.477327 1778.0 164.0 107.89988670286266
5398.9053 9.557895 84412.0 6457.0 882.5951461849531
15.111111 8.759259 142.0 31.0 82.59514618365287
31.503496 1.4335665 282.0 26.0 282.1720071929318
168.38728 2.1091127 1245.0 1211.0 382.59514618495314
206.16837 2.257653 2760.0 114.0 186.10003815074788
42.711327 1.5322777 2104.0 73.0 111.9001989030204
28.488281 21.570312 650.0 72.0 37.900265814043735
396.46478 3.5070422 1180.0 843.0 382.59514618495314
139.5577 17.75 7310.0 40.0 69.09977030040457
15.111111 8.759259 142.0 61.0 82.59514618365287
443.73013 3.1789474 1173.0 115.0 382.59514618495314
294.6472 12.27191 10169.0 412.0 157.89999258761986
332.03357 7.7919464 12708.0 2539.0 282.59514618495314
1784.8 2.0193548 19043.0 1297.0 282.59514618495314
184.16357 1.6265432 2750.0 106.0 282.59514618495314
118.754524 0.9597586 622.0 128.0 145.1000456895176
8992.101 0.038014784 60526.0 77.0 882.5951461849531
14.980796 0.65843624 1430.0 64.0 79.89999074997999
48.7094 3.1111112 298.0 13557.0 41.09995801867768
22.250658 0.54144734 258.0 19.0 282.5939559465179
22.250658 0.54144734 258.0 16.0 282.5939559465179
31.503496 1.4335665 282.0 12.0 282.1720071929318
1.5618839 0.28587076 1362.0 30.0 75.90000577075799
22.250658 0.54144734 258.0 157.0 282.5939559465179
22.250658 0.54144734 258.0 17.0 282.5939559465179
47.116577 1.5495772 4072.0 246.0 126.90007674196022
22.250658 0.54144734 258.0 29.0 282.5939559465179
541.75 6.4615383 2133.0 27.0 482.59514618495314
22.250658 0.54144734 258.0 1613.0 282.5939559465179
5007.8125 60.214046 24061.0 1823.0 682.5951461849531
21.63453 1.2937219 280.0 57.0 75.91932658368677
119.13372 11.755087 2145.0 37.0 182.59514618495314
2.9652543 1.0177966 1107.0 74.0 158.65421095200492
48.7094 3.1111112 298.0 222.0 41.09995801867768
1154.9197 1.0 1434.0 2024.0 484.90198688597917
896.93695 2.7212884 8499.0 812.0 669.8999876770933
964.7143 3.2857144 1274.0 46.0 282.59514618495314
2.4819672 0.44262296 652.0 114.0 156.8731091483932
139.5577 17.75 7310.0 401.0 69.09977030040457
3761.4473 5.242236 20630.0 4864.0 282.59514618495314
36368.977 0.5739453 16738.0 8989.0 1182.5951461849531
1.5618839 0.28587076 1362.0 69.0 75.90000577075799
30.56627 1.1540766 2578.0 55.0 142.90006661389714
59.333027 2.1416214 17885.0 6148.0 682.5951461849531
6587.189 8.888889 210905.0 36031.0 482.59514618495314
3899.7405 9.503817 8128.0 3303.0 482.59514618495314
139.5577 17.75 7310.0 54.0 69.09977030040457
720.4091 7.378788 177.0 156.0 306.8999843320444
613.9091 0.75757575 121.0 297.0 282.59514618495314
5.8357487 1.216011 183.0 131.0 179.8999935922082
59110.42 2.2284484 355230.0 29944.0 382.59514618495314
26.258427 2.9550562 232.0 149.0 382.5951457404783
3079.2834 2.1983805 27954.0 3744.0 582.5951461849531
720.4091 7.378788 177.0 254.0 306.8999843320444
24.58604 1.4759467 1263.0 247.0 328.90017033463494
58.94642 1.0335244 999.0 66.0 82.09967868412119
28.488281 21.570312 650.0 56.0 37.900265814043735
294.3916 2.5266523 1412.0 97.0 153.1001815791601
36368.977 0.5739453 16738.0 8742.0 1182.5951461849531
17.051622 2.0139403 583.0 175.0 109.09998886785655
128.80098 1.6658477 850.0 54.0 182.59514618495314
17.202986 6.5820894 397.0 55.0 40.09995617974886
140.1844 5.9078016 197.0 271.0 82.59514618495314
63.735268 3.2715628 1685.0 99.0 243.10007136514764
76.93491 9.053254 2280.0 261.0 49.90006661389714
2793.2 131.0 162.0 2251.0 282.59514618495314
294.3916 2.5266523 1412.0 221.0 153.1001815791601
36368.977 0.5739453 16738.0 12.0 1182.5951461849531
50.08159 0.87872106 582.0 6090.0 100.90053450923367
230.25 0.8333333 348.0 179.0 182.59514618495314
256.05 5.4 107.0 208.0 229.10003815074785
431.5816 9.58159 2769.0 496.0 182.59514618495314
88.52525 3.6767676 248.0 352.0 205.89999202669435
896.93695 2.7212884 8499.0 404.0 669.8999876770933
36368.977 0.5739453 16738.0 61.0 1182.5951461849531
21.63453 1.2937219 280.0 14582.0 75.91932658368677
294.3916 2.5266523 1412.0 48.0 153.1001815791601
58.94642 1.0335244 999.0 42.0 82.09967868412119
2.1894655 4.866615 1966.0 352.0 215.55244175839476
294.3916 2.5266523 1412.0 69.0 153.1001815791601
168.21143 1.9684082 1390.0 511.0 196.10024762860917
21.37143 9.685715 89.0 202.0 283.5679046489061
989.1928 10.959641 1404.0 36.0 282.59514618495314
100.15278 0.8333333 186.0 478.0 282.62058224742736
163.22641 0.8679245 1408.0 692.0 372.90000138366133
21.37143 9.685715 89.0 368.0 283.5679046489061
58.94642 1.0335244 999.0 75.0 82.09967868412119
607.1084 9.227273 610.0 355.0 382.59514618495314
42.414783 1.8172485 1691.0 126.0 282.5951458237953
66.51441 3.0358632 6694.0 1819.0 582.5951461849531
21.63453 1.2937219 280.0 68.0 75.91932658368677
896.93695 2.7212884 8499.0 757.0 669.8999876770933
294.3916 2.5266523 1412.0 95.0 153.1001815791601
21.63453 1.2937219 280.0 68.0 75.91932658368677
123.54049 1.8230019 3937.0 1512.0 482.59514618495314
62.17647 3.8823528 102.0 395.0 277.0217567822046
8.300683 13.63098 243.0 26.0 282.5951461849531
3993.907 5.4469028 23690.0 3835.0 1782.5951461849531
8752.92 17.16 60232.0 50779.0 282.59514618495314
875.6991 0.47298995 71976.0 1939.0 282.59514618495314
1355.3193 0.90171754 10848.0 2019.0 491.09958778168823
294.3916 2.5266523 1412.0 71.0 153.1001815791601
21.63453 1.2937219 280.0 89.0 75.91932658368677
22.64539 7.8297873 106.0 14.0 182.59182637706343
206.16837 2.257653 2760.0 155.0 186.10003815074788
3892.5896 1.068404 14608.0 648.0 282.59514618495314
159.01942 0.1553398 1233.0 290.0 282.59514618495314
100.44269 1.1230713 2166.0 529.0 154.09999202669695
262.22446 1.2658839 15769.0 2711.0 817.1003041735396
123.54049 1.8230019 3937.0 1523.0 482.59514618495314
168.21143 1.9684082 1390.0 244.0 196.10024762860917
86.28061 1.5510204 311.0 37.0 276.7826529040047
15.111111 8.759259 142.0 213.0 82.59514618365287
398.86972 3.898477 907.0 101.0 182.59514618495314
52.280113 1.7189542 109.0 92.0 207.100067476169
28.488281 21.570312 650.0 130.0 37.900265814043735
47.553654 13.894978 1263.0 67.0 182.59514618495314
398.86972 3.898477 907.0 1851.0 182.59514618495314
398.86972 3.898477 907.0 158.0 182.59514618495314
13.558181 0.93740624 2752.0 103.0 77.89998886784889
36368.977 0.5739453 16738.0 676.0 1182.5951461849531
3892.5896 1.068404 14608.0 5954.0 282.59514618495314
7.635653 4.018236 564.0 90.0 182.59513847684195
262.22446 1.2658839 15769.0 3755.0 817.1003041735396
206.16837 2.257653 2760.0 35.0 186.10003815074788
50.350365 1.2627738 476.0 161.0 282.5951411591762
713.5415 23.978167 3271.0 501.0 282.59514618495314
190.50877 16.789474 246.0 138.0 163.89955438272384
37.27787 1.8784313 323.0 26.0 96.100141510978
53.807693 3.0192308 29.0 60.0 116.1000014827971
55.921535 11.048683 1834.0 125.0 97.90002925364706
13.776303 0.8628294 1766.0 206.0 182.59514618495314
594.8747 6.0749416 2665.0 2307.0 305.9002713304941
3064.812 5.134311 15757.0 20986.0 2315.100043863907
54.41791 1.9890547 9178.0 1012.0 482.59514618495314
35.191917 0.43265992 630.0 37.0 182.59481615441308
13021.8 55.48 13511.0 5743.0 282.59514618495314
11.9887295 7.4723363 790.0 115.0 126.10003727891754
176.8895 6.7486186 953.0 143.0 126.09961856293597
110.72868 0.40697673 407.0 149.0 183.8997037550891
238.22891 3.5783134 1225.0 238.0 282.59514618495314
294.3916 2.5266523 1412.0 264.0 153.1001815791601
275.72687 1.2474793 1105.0 1915.0 382.59514618495314
294.3916 2.5266523 1412.0 95.0 153.1001815791601
88.52525 3.6767676 248.0 407.0 205.89999202669435
90.84438 3.1930835 71.0 60.0 51.10041690945474
416.78784 3.4063745 9071.0 160.0 180.1000380126083
294.6472 12.27191 10169.0 104.0 157.89999258761986
17.259642 2.4137914 3256.0 82.0 186.89999131423468
294.3916 2.5266523 1412.0 231.0 153.1001815791601
238.22891 3.5783134 1225.0 1159.0 282.59514618495314
36368.977 0.5739453 16738.0 10096.0 1182.5951461849531
24.58604 1.4759467 1263.0 1001.0 328.90017033463494
294.3916 2.5266523 1412.0 66.0 153.1001815791601
84.18925 1.1812828 1236.0 55.0 82.59514618495314
294.6472 12.27191 10169.0 76.0 157.89999258761986
40.786766 1.625 101.0 33.0 282.59514618495314
15.111111 8.759259 142.0 16.0 82.59514618365287
13.028721 1.3776175 1444.0 201.0 282.5619423175766
237.2625 9.18 416.0 578.0 398.89995877903493
58.94642 1.0335244 999.0 70.0 82.09967868412119
294.3916 2.5266523 1412.0 43.0 153.1001815791601
416.78784 3.4063745 9071.0 85.0 180.1000380126083
294.3916 2.5266523 1412.0 260.0 153.1001815791601
84.18925 1.1812828 1236.0 39.0 82.59514618495314
36368.977 0.5739453 16738.0 11563.0 1182.5951461849531
158.29855 24.536896 2477.0 89.0 182.59514618495314
39.108532 1.2064104 1864.0 208.0 137.1000383412503
286.9294 4.6764708 1283.0 2356.0 306.8999876739434
1.7919288 1.1381028 298.0 72.0 187.84250676962114
15.111111 8.759259 142.0 46.0 82.59514618365287
150.40158 10.393701 1606.0 160.0 195.10008387237815
294.6472 12.27191 10169.0 262.0 157.89999258761986
3064.812 5.134311 15757.0 5433.0 2315.100043863907
10873.611 2.6111112 10475.0 40.0 282.59514618495314
84.18925 1.1812828 1236.0 18703.0 82.59514618495314
136.70802 10.10219 371.0 287.0 282.59514618495314
21.21511 7.0534167 524.0 220.0 282.5904517167135
36368.977 0.5739453 16738.0 44.0 1182.5951461849531
3892.5896 1.068404 14608.0 13673.0 282.59514618495314
84.18925 1.1812828 1236.0 772.0 82.59514618495314
55.921535 11.048683 1834.0 121.0 97.90002925364706
7155.5884 1.6470588 42180.0 74.0 382.59514618495314
294.3916 2.5266523 1412.0 6708.0 153.1001815791601
20.351418 5.6584463 419.0 283.0 282.57722522634816
84.18925 1.1812828 1236.0 60.0 82.59514618495314
39.474827 1.5463387 804.0 88.0 103.10007103641709
27.050114 3.7722096 896.0 41.0 81.1000370040664
110.72868 0.40697673 407.0 102.0 183.8997037550891
36368.977 0.5739453 16738.0 51.0 1182.5951461849531
93.594734 3.9526315 292.0 6452.0 119.89973547059657
58.94642 1.0335244 999.0 56.0 82.09967868412119
100.44269 1.1230713 2166.0 151.0 154.09999202669695
294.3916 2.5266523 1412.0 71.0 153.1001815791601
273.1228 14.035088 154.0 2283.0 282.59514618495314
732.2619 0.4047619 2888.0 39.0 282.59514618495314
3226.2632 2.0105264 8717.0 383.0 382.59514618495314
15.111111 8.759259 142.0 1557.0 82.59514618365287
172.6 1.8 7.0 344.0 382.59514618495314
6.6268353 0.97012657 1239.0 1797.0 282.59514585931873
294.3916 2.5266523 1412.0 74.0 153.1001815791601
