1368.0 22739.956323424118
24.0 13044.402582083403
112.0 -5516.413530802068
61.0 2149.112469227361
5604.0 -187.42761758816172
207.0 -18037.534907460926
137.0 1209.0823209878788
46.0 -6878.287559158755
50.0 1159.395824151822
890.0 4143.450865432579
72.0 7474.512121698591
807.0 4241.014940490723
1317.0 -13044.917264038739
86.0 -850.7969269975123
56.0 8255.611965530401
103.0 27366.572490393137
41.0 -5605.818151416203
16.0 1996.7570843817327
125.0 3868.923791303571
103.0 -4525.016531957776
22.0 -3453.232067299888
250.0 7029.265499658281
21283.0 46758.583101980366
465.0 -8102.506244450055
4970.0 18858.6970136559
207.0 361.0979068841867
104.0 4215.979585696633
36.0 2292.5126158010394
594.0 18138.0894188059
4955.0 18105.695009356372
295.0 1039.424863278599
1426.0 -2356.018907255789
72.0 11304.25311680182
38.0 -5738.76197388578
122.0 464.1208194916204
881.0 16199.98719665551
62.0 3453.919909482584
1073.0 -9454.795410105495
266.0 -5569.903556802089
233.0 6793.9240868649895
5906.0 33535.91326972939
192.0 3135.15633903097
198.0 -9151.035339111588
751.0 -1785.8274596018648
261.0 27765.669836660414
117.0 6001.243244569504
189.0 9591.172692538175
541.0 12711.513327747249
5764.0 617.5274903340456
39245.0 -281.8915652311656
294.0 22333.367271314848
55.0 -1000.3220168317033
4943.0 -4562.470884526691
21.0 3224.98488305219
42.0 -1441.6549530044406
30.0 2132.7145760885237
6.0 9523.475184094468
41.0 38318.04240834482
74.0 8874.438210841983
9.0 3092.760910903466
814.0 33650.85559062886
1402.0 -6351.781754767527
189.0 85.63129346110021
285.0 53966.121776008236
61.0 -12969.096847694445
80.0 44021.24316496494
5.0 624.636747912659
12.0 31396.58384707687
237.0 8890.845179298254
31.0 -564.1377969735089
6.0 12509.889414356361
34.0 3681.6517774394692
10.0 -13596.274180006587
34.0 5233.2873108774575
389.0 -2319.8500330976
8.0 18691.211698236842
13.0 -6359.661028739215
147.0 4223.928385875638
24.0 -5588.858441717891
16.0 6521.666534036711
215.0 2599.804614487914
8.0 64667.223542962434
9.0 5969.928358004133
417.0 4896.211811765482
512.0 3825.50494668239
81.0 15000.437325799207
562.0 -39.230959553105414
144.0 -6542.220683751705
64.0 2316.0611194852268
354.0 12239.659098339414
184.0 -477.87508995628775
210.0 -5526.606775699497
1488.0 3764.354582344104
4212.0 3575.5988678997987
1010.0 6719.8446309292
1281.0 -88.5177107409048
102.0 2068.7325947545783
45.0 -5589.4622402311625
507.0 8836.40053022629
1057.0 10056.87973587886
