1368.0 759.1833766233765
24.0 457.1101507527874
112.0 78.47888888888889
61.0 98.95
5604.0 1009.7662698412696
207.0 342.37100859881434
137.0 1203.0147619047618
46.0 204.41191823699177
50.0 433.43916666666667
890.0 660.5502585649645
72.0 130.0909722222222
807.0 342.37100859881434
1317.0 1340.06
86.0 146.1134523809524
56.0 174.71499999999997
103.0 342.37100859881434
41.0 125.9
16.0 29.9
103.0 342.37100859881434
22.0 342.37100859881434
250.0 287.45
21283.0 20183.29333333333
465.0 307.48066822066824
4970.0 4103.585555555555
207.0 1666.0007475837215
104.0 221.0456240981241
36.0 379.35416666666663
594.0 163.12657203907204
4955.0 4103.585555555555
295.0 368.7983333333333
1426.0 990.0811904761904
72.0 141.18
38.0 1666.0007475837215
122.0 191.77478317639066
881.0 460.9695238095239
62.0 78.47888888888889
1073.0 384.375
266.0 698.7783333333333
233.0 185.18722222222223
5906.0 4103.585555555555
192.0 1666.0007475837215
198.0 1458.5628571428574
751.0 546.86
261.0 237.66234126984128
117.0 520.5107142857144
189.0 269.98902236652236
541.0 501.82250000000005
5764.0 4571.088968253969
39245.0 28368.345
294.0 237.66234126984128
55.0 435.18999999999994
4943.0 309.38483203887614
21.0 303.47666666666663
42.0 257.3683443234986
30.0 117.65
6.0 300.2252097572498
41.0 58.55
74.0 239.93166666666667
9.0 47.1
814.0 300.2252097572498
1402.0 698.7783333333333
189.0 355.04333333333335
285.0 237.66234126984128
61.0 148.5467280268751
80.0 58.55
5.0 237.66234126984128
12.0 300.2252097572498
237.0 117.65
31.0 300.2252097572498
6.0 300.2252097572498
34.0 257.3683443234986
10.0 300.2252097572498
34.0 237.66234126984128
389.0 257.3683443234986
8.0 300.2252097572498
13.0 1666.0007475837215
147.0 300.2252097572498
24.0 20.72
16.0 303.47666666666663
215.0 300.2252097572498
8.0 300.2252097572498
9.0 300.2252097572498
417.0 237.66234126984128
512.0 427.30810606060606
81.0 237.66234126984128
562.0 269.98902236652236
144.0 1666.0007475837215
64.0 376.2783333333333
354.0 368.7983333333333
184.0 151.5
210.0 146.87666666666667
1488.0 732.2069444444444
4212.0 4180.714285714285
1010.0 615.7349999999999
1281.0 2172.4666666666667
102.0 147.89619047619047
45.0 6094.9024749511245
507.0 368.7983333333333
1057.0 822.6166666666668
367.0 459.0604613442113
