1368.0 766.1540151515152
24.0 439.2334280652485
112.0 74.48333333333333
61.0 164.0885714285714
5604.0 1311.7591666666667
207.0 376.62972935880543
137.0 999.6921212121212
46.0 218.04832194121667
50.0 473.11023809523806
890.0 551.53
72.0 118.02797619047621
807.0 376.62972935880543
1317.0 1159.3866666666668
86.0 140.08619047619047
56.0 170.155
103.0 376.62972935880543
41.0 452.8666666666666
16.0 24.96
103.0 376.62972935880543
22.0 376.62972935880543
250.0 389.7666666666667
21283.0 23104.32
465.0 384.31371475746477
4970.0 3903.034314851814
207.0 1614.4884365455619
104.0 218.49489676989674
36.0 305.755
594.0 157.11277777777778
4955.0 3903.034314851814
295.0 374.605
1426.0 1136.7945238095238
72.0 164.41166666666666
38.0 1614.4884365455619
122.0 144.82511507319796
881.0 442.62468253968257
62.0 74.48333333333333
1073.0 794.3149999999999
266.0 626.8666666666666
233.0 169.31849206349204
5906.0 3903.034314851814
192.0 1614.4884365455619
198.0 232.70928571428573
751.0 513.6
261.0 214.30878205128207
117.0 569.8166666666667
189.0 215.8934523809524
541.0 804.475
5764.0 4123.996190476189
39245.0 16245.0975
294.0 214.30878205128207
55.0 392.45
4943.0 270.3413512521713
21.0 200.9625
42.0 284.34494058875674
30.0 114.325
6.0 294.48507690487884
41.0 92.50428571428571
74.0 349.69
9.0 19.8
814.0 294.48507690487884
1402.0 626.8666666666666
189.0 416.51000000000005
285.0 214.30878205128207
61.0 138.5075338468721
80.0 92.50428571428571
5.0 214.30878205128207
12.0 294.48507690487884
237.0 114.325
31.0 294.48507690487884
6.0 294.48507690487884
34.0 284.34494058875674
10.0 294.48507690487884
34.0 214.30878205128207
389.0 284.34494058875674
8.0 294.48507690487884
13.0 1614.4884365455619
147.0 294.48507690487884
24.0 37.61666666666666
16.0 200.9625
215.0 294.48507690487884
8.0 294.48507690487884
9.0 294.48507690487884
417.0 214.30878205128207
512.0 336.4219444444444
81.0 214.30878205128207
562.0 215.8934523809524
144.0 1614.4884365455619
64.0 350.5828571428571
354.0 374.605
184.0 172.1
210.0 147.10543650793653
1488.0 912.9219047619047
4212.0 4328.025
1010.0 726.4469047619048
1281.0 1359.3
102.0 137.38333333333333
45.0 6013.784369556141
507.0 374.605
1057.0 705.475
367.0 388.12032592407587
