-0.0516
0.0
0.0
0.0
0.0
0.4215
0.1027
-0.3182
0.0
0.0
-0.5267
0.0
0.0
-0.3181
-0.296
0.0
0.0
0.5106
0.0
0.0
0.0
-0.296
0.0
0.0772
-0.4215
0.0
0.0
-0.34
0.0
-0.4588
0.0
0.0
0.0
0.0
-0.5994
0.0
0.0
-0.4588
-0.6486
0.0
-0.4939
0.9062
0.0
0.0
0.0
0.0
0.0
0.8786
0.4215
-0.0772
0.0
0.0
-0.3412
0.0
0.0
0.0
0.0
0.0
0.0
0.0
0.3612
0.0
0.0
0.0
0.0
0.2732
0.0
0.0
0.5994
0.0
0.0
0.0
0.0
0.5994
0.0
0.0
0.0
0.5106
0.0
0.0
0.6597
0.0
0.0
0.3612
-0.6124
0.0
0.0
-0.4767
0.0
0.0
0.0
0.0
-0.6249
0.555
0.0
0.0
0.0
0.6696
0.0
0.6239
0.0
0.8353
0.0
0.0
0.3612
0.0
0.0
0.0
0.0
0.0
0.0
-0.5106
-0.4404
-0.4314
-0.4939
0.0
0.0
0.0
0.4572
0.0
0.9312
0.6597
0.441
0.8126
0.0
0.6114
0.0772
0.0
0.296
0.9125
0.0
0.8257
0.0
0.1779
0.0
-0.6908
0.0772
0.3612
0.0
0.7391
0.0
0.0
0.0
0.0
0.5837
0.0
0.0
0.0
0.4215
0.0
0.0
0.0
0.0
0.0
0.0
0.0
-0.4767
0.5719
0.0
0.0
0.0
0.4767
0.0
0.0
0.0
0.0
0.6705
0.0
0.5859
0.3612
0.0
-0.5009
-0.4023
0.0
0.0
0.0
0.0
-0.296
0.0
0.0
0.5859
-0.4767
0.0
0.0
0.2732
0.0
0.0
0.0
0.0
0.0
0.0
0.0
0.0
0.8074
0.0
0.0
0.0
0.0
0.0
0.0
0.5859
0.0
0.4215
-0.2732
0.0
-0.5423
0.0
0.0
0.9041
0.0
-0.128
0.0
0.0
-0.8395
-0.1779
0.0
0.296
0.4215
0.4215
0.2263
0.0
0.0
0.0
-0.296
0.5859
0.4588
0.3612
0.0
0.0
0.0
-0.5399
-0.4939
0.0
0.0
0.0
0.6763
0.3612
0.0
-0.1852
0.0
-0.5719
0.4215
0.0
0.0
0.4939
0.0
-0.4939
-0.0772
0.0
0.5994
0.6249
-0.296
0.802
0.9022
0.0
0.0
0.0
-0.0772
0.0
0.0
0.0
0.4588
0.0
0.743
0.0
0.0
-0.1027
-0.4019
0.8225
0.0
0.0
0.0
0.5106
-0.4404
0.6249
0.0
0.6988
-0.0772
0.5106
0.0
0.0
0.0
0.3167
0.0
0.5927
0.5399
-0.5719
0.0
0.0
0.0
-0.4588
0.0
0.4019
-0.2023
-0.4939
0.0
0.0
0.0
-0.5601
0.0
-0.4404
0.0
0.0
0.3612
0.8271
0.0
0.0
0.0
0.0
0.0
0.0
0.0
0.8127
0.0
0.8836
-0.1531
0.5859
-0.6249
0.0
0.0
0.3724
0.1372
0.0
0.0
0.0
0.7783
0.6808
0.0
0.4939
0.0
0.0
0.4404
-0.5423
0.296
0.7003
0.0
0.6115
0.8353
0.0
0.5106
0.0
0.0
0.0
0.0
0.5719
0.0
0.0
0.6724
0.0
0.3939
0.0
0.0
0.6616
-0.8481
0.3612
0.8176
0.5574
0.0
0.0
0.0
0.5209
-0.34
0.5719
0.6249
-0.2023
0.4891
0.0
0.0
0.1779
0.296
-0.1877
-0.0258
0.0
0.0
0.3639
0.0
0.0
-0.5423
0.0
0.0
0.6486
0.0
0.4574
0.6103
0.0
-0.5574
0.3612
0.0
0.0
0.0
0.4574
0.0
0.0
0.0
0.0
0.6249
0.6476
0.0
0.0
0.0
0.8888
0.0
0.5859
0.0
0.296
0.4404
0.7263
-0.3987
0.0
0.0
0.6696
0.0
0.7845
0.0
0.0
0.0
0.0
0.6369
0.0
0.0
-0.6696
0.5423
0.0
-0.296
0.8292
0.0
0.3182
0.0
-0.1531
0.0
0.3595
0.0
0.4404
0.0
0.0
0.5859
0.4576
0.2732
0.0
0.0
-0.4767
0.0
0.5859
0.0
-0.2755
0.0
0.0
0.0
-0.6124
0.6597
0.0
0.0
0.3612
0.4215
0.7579
0.0
0.5106
0.0
-0.1531
0.296
0.4588
0.0
0.0
0.0
0.0
0.3506
0.0
0.0
0.0
0.0
0.0
-0.2732
-0.5859
-0.7506
0.4389
-0.1513
0.128
0.0
-0.0772
0.0
0.0
0.0
0.0
0.0
0.1027
-0.34
-0.7906
0.0
0.658
0.0
0.0
0.0
0.0
-0.296
0.0
-0.1531
0.0
0.0
0.5719
-0.1531
0.0
0.0
0.5562
0.0
0.0
0.0
0.0
-0.5267
0.0
0.0
0.0
0.2263
0.8522
0.878
0.0
0.0
0.0
0.3595
-0.4926
0.5719
0.0
0.0
0.3612
-0.296
-0.3421
0.0
0.5859
0.0772
-0.5719
0.0
0.7506
0.4019
-0.4939
0.4588
0.0
0.0
-0.34
0.0
0.4215
0.0
0.0772
-0.5106
-0.4404
0.0
0.0
0.0
0.0
0.6808
0.3612
0.0
0.0
-0.2732
0.1531
-0.296
-0.1027
0.0
0.4374
0.892
0.0
0.7633
0.296
0.3612
0.6369
0.0
0.0
0.6884
0.4201
-0.4939
-0.539
0.0
0.0
0.6779
0.0
0.0
0.0
0.0
0.0
0.5859
-0.0628
0.2263
0.0
0.0
0.0
0.0
0.0
0.4939
0.4912
0.6124
0.3612
0.0
-0.7096
-0.3182
0.0
0.0
0.1779
0.3976
0.8807
0.1027
-0.2263
0.0
0.3612
0.0
0.5106
0.7184
0.0
0.5423
0.0
0.0
-0.5719
0.8074
0.0
-0.0258
-0.4639
0.0
0.296
0.8979
0.3724
0.7003
0.0
0.0
-0.7047
0.0
0.0
-0.5504
0.4404
0.0
0.0
0.4588
0.0
-0.2003
0.8834
0.0
0.5267
0.6908
0.6361
0.0
-0.3818
0.3818
0.3724
0.0
0.0
0.3182
0.0
0.6962
0.8271
0.0
0.0
0.0
0.3612
0.0
-0.0772
0.0
0.0
0.0
0.25
0.0
0.0
0.3182
0.0
-0.6346
0.0
0.0
0.4588
0.0
0.0
-0.0258
-0.4374
0.0
0.0
0.0
0.0
0.0
-0.5106
0.0
0.0
0.0
0.0
0.0
-0.5267
0.0
0.4559
0.2714
-0.2732
-0.5859
0.0
0.0
-0.0857
0.0
0.0
0.2732
0.0
0.0
-0.2441
-0.2617
0.0
-0.5197
0.0
0.6369
0.0
0.4019
0.0
0.0
-0.5859
0.0
0.2235
0.4588
0.0
-0.3818
0.0
0.0
0.6249
0.2023
0.0
0.0
0.4738
-0.7579
0.0
0.0772
0.0
0.6908
0.0
0.0
0.296
-0.0772
-0.2732
-0.5598
0.8313
0.0
-0.0031
0.0
0.3612
0.0
0.0
0.0
-0.0772
0.0
0.0
0.6597
0.0
0.0
0.0
0.8287
0.0
0.0
-0.6249
0.0
0.431
0.0
0.3612
0.0
-0.3892
0.0
0.6908
0.0
0.0
0.6988
0.8555
0.0
0.0
0.0
0.6467
0.0
0.6705
0.0
0.0
0.8625
0.0
0.0
0.0
0.0
0.0
-0.5574
0.0
0.0
0.0
0.0
-0.5209
0.0
0.0
0.4404
0.8074
0.0
0.0
0.0
0.0
0.0
0.3818
0.4753
-0.3612
0.0
-0.0258
0.0
0.0
0.0
-0.12
0.7783
0.0
0.6369
0.0
0.0
0.0
0.3182
0.0
0.0
0.0
-0.2732
-0.2244
0.0
0.4357
0.0
0.0
0.0
-0.1531
0.0
0.0
0.0
0.2732
-0.4588
-0.3595
0.0
0.4588
0.0
0.7264
0.7177
0.0
0.0
0.0
0.296
0.555
0.0
-0.819
0.0
0.0
0.0
0.0
0.636
0.0
0.5082
0.0
-0.0387
0.0
0.0
0.0
0.0
0.0
0.0
0.0
0.0
0.0
0.6792
0.0
0.0
0.0
0.0
0.5574
0.0
0.9471
0.0
0.0
-0.7845
0.5355
0.0
0.0
0.0
0.0
-0.9361
0.5106
0.4404
0.0
0.1779
0.0
0.5827
0.0
-0.3875
0.7297
0.0
0.0
0.836
0.0
0.0
0.5574
0.0
0.7901
-0.4767
0.0
0.0
0.0
0.0
0.0
0.0
0.0
0.0
0.0
0.0
0.0
0.5994
0.3182
0.0
0.0
0.0
-0.0772
0.0
0.4588
0.2023
0.0
0.0
0.0
0.0
0.0
0.0
0.0
0.0
-0.5859
-0.5859
0.5423
0.0
0.8115
0.5106
0.0
0.0
0.0
0.8176
0.6467
0.3802
0.4588
-0.6486
0.3612
0.6467
0.0
0.0
0.8656
0.0
0.0
0.0
0.0
0.0
0.0
0.6249
-0.0516
0.0
0.3578
0.6103
0.802
0.0
0.2462
0.0
-0.4559
0.0
0.0
0.0
-0.5719
0.0
0.0
0.0
0.5837
0.0
-0.7184
0.0
0.0
0.2732
0.5423
0.0
0.0
0.0
0.0772
0.0
0.0
0.0
0.0
-0.6319
0.9168
0.0
0.0
-0.7579
0.0
-0.296
0.0
0.0
0.1531
0.0772
0.7003
0.0
-0.25
0.4199
0.0
0.4588
0.0
0.0
0.5267
-0.3612
-0.34
0.7964
0.0
0.4588
0.0
0.0
0.0
0.0
0.4939
0.6124
0.0
0.6124
0.4404
0.0
0.5972
0.0
0.9062
0.0
0.0
0.7351
0.0
0.0
0.0772
0.25
0.1531
0.0
0.0
0.0
0.0
0.0
0.0
0.6705
0.4926
0.0
0.7003
0.0
0.0
0.0
0.5719
0.0
0.0
-0.6369
0.2023
-0.25
0.4926
0.3612
0.0
0.0
0.9184
0.0
-0.5859
-0.0772
0.0
0.0
0.0
0.0
0.0
0.1027
0.0
-0.7579
0.8999
0.0
0.0
0.0
0.4588
0.0
0.0
-0.4215
-0.296
0.0
-0.4019
0.0
0.0
0.4588
0.0
0.5719
0.0
0.0
-0.6808
0.5837
0.0
0.0
0.0
0.0
0.4019
0.0
0.0
0.2263
0.0
0.4404
0.0772
0.0
-0.1027
0.4215
0.0
0.0
-0.765
0.0
0.0
0.6369
-0.5994
0.4926
0.9371
0.8779
0.0
0.0
0.0
0.0
0.0
0.3578
0.0
0.0
0.0
0.0516
0.0
0.3612
0.9325
0.0
0.0
0.0
0.4939
0.0
0.0
0.0
0.0
0.0
0.0
0.0
0.0
0.0
0.0
0.0
0.2714
-0.3818
-0.3612
0.0
0.4738
0.0
0.0
0.4404
0.0
0.7003
0.6369
0.3612
0.0
0.0
0.4588
0.0
0.4588
0.5978
0.0
0.0
0.0
0.1779
0.0
0.0
0.6369
0.6103
0.3612
0.0
0.0
0.2023
0.0
0.0
0.0
-0.1779
0.0
0.0
0.4019
0.0
0.0
0.0
-0.5719
0.0634
0.0
0.0
0.0
0.0
0.0
0.0
0.4939
0.3182
0.0
0.0
-0.5707
0.0
0.0
0.0
0.0
0.4767
-0.2755
0.0
0.0
0.34
0.0
0.0
0.0
0.0
0.6369
0.0
-0.6369
-0.9451
0.0
0.0
0.3612
0.0
0.5093
0.0
0.2263
0.0
0.0
-0.4939
0.0
0.4588
-0.3382
0.0
0.0
0.0
0.0
0.0
0.6369
0.5859
0.7902
0.7944
0.0
0.0
0.0
0.4215
0.0
0.0
0.1511
0.4939
-0.3612
0.5719
0.2023
0.0
0.0
0.0
0.0
0.5719
0.0
0.7717
0.0
0.5719
0.4215
0.0
0.0
0.5859
0.0
0.0
0.5106
0.658
0.802
0.6249
0.0
0.8591
0.4019
0.0
0.0
0.0
0.6124
0.0
0.5574
-0.25
0.0
0.0
0.0
0.0
0.4939
0.0
0.296
0.6369
0.4588
-0.4404
0.2075
0.0
0.0
0.0
0.7096
0.0
-0.3612
0.0
0.0
0.0
0.3612
0.743
0.0
0.7579
0.0
0.0
0.0516
0.0
0.6808
0.0
0.636
0.0
-0.7906
0.0
0.0
0.0
0.2023
0.4215
0.0
0.0
0.5859
0.0
0.0
0.1511
-0.1987
0.0
0.0
0.0
0.0
0.0
0.846
0.0
0.4215
0.4404
0.0
0.0
0.0
0.0
0.0
0.0
0.4404
0.0
0.0
0.0
0.0
0.7822
0.0
0.0
0.0
-0.0772
0.0
0.0
-0.6428
0.0
0.3612
0.7717
-0.4019
0.4588
0.0
0.4215
0.4588
-0.5423
0.6705
0.0
0.0
0.0
0.0
0.4243
0.0
0.2023
0.0
-0.4246
0.0
0.1012
0.0
0.0
0.0
0.0
0.0
0.0
0.0
0.0
0.0
0.0
0.0
0.0
0.0
0.5719
0.7964
0.0
0.0
0.0
0.0
0.0
0.4588
0.0
-0.4215
0.5719
0.0
-0.836
0.0
-0.0772
0.0
0.2263
-0.5719
0.0
0.0
0.0
0.0
0.0
0.0
0.0
0.8334
0.8481
0.0
0.0
0.0
0.0
-0.4939
-0.1531
-0.2411
-0.7639
0.0
0.7845
0.3612
0.0
0.0
0.0
0.0
-0.5267
0.431
0.0
0.0
-0.2263
0.3612
0.0
0.0
0.0
0.4588
0.0
0.0
0.0
0.891
0.0
0.0
0.0
0.0
-0.5106
0.0
0.0
0.0
0.25
0.0
-0.0516
0.0
0.3291
0.0
0.7783
0.0
0.0
0.0
0.3612
0.0
0.5994
0.0
0.4588
-0.3382
0.0
0.0
0.1027
0.0
0.0
-0.1531
0.4404
0.4588
-0.2732
0.7707
0.0
0.4939
-0.4215
-0.7506
0.4939
0.0
0.0
-0.3612
0.0
0.0
0.0
0.0
-0.4939
-0.4019
-0.1027
0.0
0.0
0.6124
0.0
0.0
0.0
0.636
-0.5719
0.0
0.0
0.0
0.0
0.3612
0.0
0.0
0.9217
0.0772
0.5106
0.0
0.0
-0.4404
0.0
0.4019
0.4019
0.0
0.0
0.3182
-0.6486
-0.296
0.0
0.0
0.0
0.4767
0.0
0.7901
0.7184
0.5859
0.0
0.0
-0.4215
0.0
0.7906
0.0
0.0
0.0
0.0
0.0
0.0
0.7003
0.0
0.8017
0.0
0.7783
0.0
0.0
0.0
-0.4019
0.0
0.5562
0.0
0.0
0.0
0.5574
0.5007
0.0
-0.4939
0.0
0.0
0.0
0.5423
0.6124
-0.8807
-0.5267
0.0
-0.0516
0.0
0.7901
-0.8829
0.4019
0.4404
0.4404
0.0
-0.128
0.0
0.4404
0.0
0.0
0.0
0.0
0.25
-0.1779
0.0
-0.5423
0.0
0.0
0.0701
0.6908
0.4019
0.0
0.0
-0.7568
0.0
0.4215
0.0
0.1027
0.7717
0.0
-0.4939
0.0
-0.5849
0.4767
-0.2263
0.0
0.0
-0.6637
0.0772
0.0
0.0
0.0
-0.2824
0.4939
0.3818
0.0
0.7735
0.0
0.0
0.0
0.0772
0.0
-0.54
0.0
0.0
0.0
0.0
0.0
0.0
0.0
0.0
0.0
0.4374
0.0
0.0
0.5106
-0.3182
0.0
0.7964
0.5859
-0.5423
0.4215
0.0
0.4019
-0.0572
0.0
0.658
0.0
0.0
0.0
0.0
0.0772
0.4215
0.0
0.0
0.6908
0.4588
0.0
0.0
0.0
-0.5684
0.0
0.0
0.0
0.0
0.9682
0.0
0.0
0.3612
-0.25
0.6249
0.0
0.0
0.4404
0.0
0.0
0.0
0.0
0.0
0.0
0.4939
-0.1779
0.0
0.0
0.0
0.0
0.4019
0.0
0.0
0.0
0.3612
0.0
0.0
0.0
0.0
-0.5267
0.0
0.6597
0.7173
0.0
0.0
0.0
-0.5719
0.0
-0.644
0.0
0.0
0.0
-0.2732
0.0
0.6908
0.0
0.0
0.4404
0.1779
0.0
0.785
0.0
0.5574
0.0387
0.0
-0.5859
0.0
0.0
0.0
0.3612
-0.3182
0.0
0.0
0.0
0.0
0.0
0.743
0.6705
-0.3252
0.6486
-0.3612
0.4939
0.0
0.0
0.0
0.0
0.0
0.0
0.4404
0.0
0.0
0.0
0.0
0.128
0.0
0.0
0.0
0.0
0.0
0.508
0.0352
0.0
0.0
0.3382
0.0258
0.5423
0.4404
0.2878
-0.128
0.4939
0.0
0.0
0.6115
0.0
0.7777
0.0
0.0
0.6369
0.6249
0.0
-0.34
0.0
0.0
0.4215
0.3612
0.0
0.0
-0.296
0.0
0.4588
-0.34
0.0
0.3182
-0.5574
0.0
0.0
0.0
0.0
0.4101
0.0
0.2023
0.0
0.0
0.0
0.0
0.3612
0.4767
0.0
-0.5696
0.4404
0.0
0.3612
0.0
0.0
0.0
-0.0516
-0.3182
0.1012
0.8225
0.0
0.7835
0.0
0.0
0.0
0.0
0.6369
-0.1027
0.2481
0.0
0.168
0.5962
0.0
0.0
0.0
-0.3612
-0.3944
0.0
-0.5423
-0.2975
0.8957
0.0
0.8625
0.5095
-0.0772
0.0
0.0
0.7184
-0.6243
0.3875
0.0
0.0
0.0
0.3818
0.0
0.5106
0.8225
0.5994
0.0
0.0
0.3559
0.5267
0.2838
0.0
0.0
0.0
-0.296
0.9042
0.0
0.0
-0.34
0.4215
0.0
-0.4767
0.0
-0.7088
-0.296
0.6369
0.4767
0.0
0.296
-0.0772
0.0
0.7003
0.0
0.4215
0.0
0.0
0.0
0.5106
0.0
0.0
0.3612
0.0
-0.4767
0.0
0.0
0.5106
-0.1154
-0.7096
0.6486
0.0
0.0
0.3612
0.0
0.4404
0.6808
0.4588
0.0
0.6988
0.5994
0.0
0.0
0.0
-0.4449
0.0
0.0
0.0
0.0
0.0
0.0
0.0
-0.4003
0.5106
0.0
0.0
0.0
0.0
-0.1531
0.0
0.8856
0.1531
0.8625
0.6369
0.4404
-0.0498
0.0
0.0
0.0
0.0
0.4359
0.802
0.0
0.0
0.0
-0.6136
0.0
0.2263
0.4588
0.4404
0.0
0.0
0.3612
0.0
0.4588
0.296
0.0
-0.4019
0.9001
0.5719
0.4767
0.0
0.5719
0.2023
0.0
0.0
0.0
0.0
0.0
-0.5106
0.0
-0.4019
-0.1779
0.8555
0.0
0.0
0.0
-0.5859
0.0
0.0
0.3182
-0.4019
0.0
0.9201
0.0
-0.4101
0.0
0.0
-0.9337
0.0
0.0
0.0
-0.296
0.5106
0.0
0.0
0.0
0.0
0.0
-0.128
-0.4767
0.5719
0.0
0.0
0.0
0.0
0.3612
0.0
0.0
0.0
-0.7814
0.0
0.6369
0.0
0.8555
0.2732
0.0
0.0
0.0
0.0
0.0
-0.3818
0.0
-0.1255
0.4019
0.0
0.0
0.0
0.7351
0.0
0.0
0.0
0.5106
0.7703
0.0
0.5106
-0.1027
0.0
0.0
0.0
0.0593
-0.296
0.0
-0.5423
-0.25
0.0
0.0
0.0
0.4449
0.0
0.0
-0.8609
0.0
0.0
0.0
-0.5859
0.0
0.0
-0.7906
0.0
0.5859
0.5023
0.0
0.0
0.0
0.0
0.0
0.3612
0.0
0.0
0.6114
0.0
-0.4215
0.6988
0.0
0.0
0.4215
-0.3875
-0.0772
0.2732
0.0
0.2732
0.0
0.0
0.4019
0.2732
0.6705
0.0
0.0
-0.4767
0.0
0.8176
0.3612
0.0
0.0
-0.0516
0.8126
0.34
0.0
0.891
0.0
-0.2732
-0.3987
-0.1779
0.765
0.0
0.3612
0.0
0.0
0.0
0.0
-0.8555
-0.2732
0.0
0.4767
0.0
0.0
0.0
0.0
0.0
0.0
0.5267
0.4404
0.0
-0.5255
0.4215
-0.5255
0.0
0.0
0.0
0.9062
0.0
-0.34
0.0
0.0
0.0
0.5106
0.0
0.0
-0.3818
0.0
0.2003
0.0
0.1779
0.0
0.4404
0.0
0.0
0.0
0.0258
-0.4404
0.0
0.4753
0.0
0.0
-0.2584
0.0
-0.4019
0.4404
0.0
0.0
0.4215
0.4939
0.0
-0.4939
0.0
0.4939
0.0
0.3612
0.1511
0.3612
-0.5423
0.4767
0.0
-0.5574
0.3612
0.4767
0.0
0.0
0.0
0.0
0.4767
0.0
0.0
0.296
-0.4019
0.0
0.0
0.0
-0.5994
-0.3612
0.5719
-0.2023
0.5267
-0.878
0.0
0.0
0.0
0.0
0.0
0.0
0.0
0.0
0.4404
0.0
0.0
0.0
0.0
0.0
0.0
0.4242
0.0
0.0
0.0
-0.25
0.5312
0.0
0.0
-0.1695
0.0
0.0
0.09
0.0772
-0.4215
0.0
0.0
0.0
0.4898
0.5719
0.0
0.0772
0.0
-0.25
0.0
-0.4404
0.0
0.0
0.0772
0.5859
0.0
-0.4767
0.0
0.4588
0.0
0.7003
0.0
0.4404
0.0
0.0
-0.25
0.0
-0.3612
-0.7845
0.0
-0.2023
0.4019
0.0
0.0
0.0
0.0
0.0
0.25
0.0
0.0
0.0
0.0
0.0
0.2781
0.0
0.4588
0.0
0.0
0.0
0.0
0.0
0.0
0.0
0.765
0.0
0.0
0.4588
0.0
-0.2225
0.0
0.5574
0.0
-0.0772
-0.6597
0.0
0.4215
0.0
0.0
0.5267
-0.3415
0.6696
0.4404
0.0
-0.0516
0.0
0.0
-0.3612
0.5859
-0.1779
0.0
0.4515
0.0
0.0
0.0
-0.3818
0.6369
0.0
0.0
0.0
0.0
0.4215
0.0
0.0
0.5951
-0.5574
0.0
0.0
0.0772
0.5411
0.0
0.0
-0.5267
-0.5719
0.0
0.0
0.3612
0.7964
0.0
0.0
0.1655
0.0
0.9042
0.0
0.872
0.0
0.0
0.0
0.0
0.4767
0.0
0.0
0.0
0.0
-0.1531
0.0
0.0
0.0
0.0
0.0
0.3612
-0.2732
0.0
0.0
0.0
0.0
0.0
0.296
0.128
0.0
0.0
0.0
0.3612
0.0
0.0
0.6988
0.0
0.0
0.0
0.0
0.0
-0.2732
0.0
0.0
0.0
-0.4549
0.0
-0.2263
0.0
-0.5719
-0.0516
0.0
0.0
0.4404
0.0
0.9042
0.0
0.0
0.0
0.0
0.0
0.0
0.0
0.0
0.0
0.0
0.0
0.6124
0.0
0.0
0.0
0.0
-0.4754
0.0
0.0
0.0
0.0
0.0
0.7906
0.0
0.0
0.2263
0.0
-0.6597
0.0
0.0
0.0
-0.34
0.0
0.0
0.0
0.0
0.0
0.5719
-0.3182
0.0
0.0
0.0
0.0
0.0
0.0
0.6808
0.0
0.0
0.7574
0.0
-0.3875
0.0
-0.7351
0.0
-0.296
0.0
0.0
0.0
0.0
0.0
0.4404
-0.3098
0.0
0.0
0.0
0.0772
-0.471
0.0
0.5719
0.3612
0.0
-0.2732
0.0
0.765
-0.6597
0.4215
0.0
-0.3182
-0.34
0.704
-0.4767
0.0
0.0772
0.0
0.8643
0.0
-0.802
0.0
0.8357
0.0
0.0
-0.308
-0.296
0.4549
0.0
-0.5859
0.0
0.0
0.0
0.0
0.0
0.0
0.0
0.2714
0.7096
0.0
0.0
0.0
-0.25
-0.4767
0.0
0.0
0.6486
0.3412
0.0
0.4215
0.0
0.4767
0.0
-0.3612
0.3612
0.0
-0.4767
0.0
0.0
0.0
0.4738
0.0
0.0
0.0
0.0
0.0
0.0
-0.4019
0.1531
0.0
0.0
0.0
0.0
0.0
0.25
0.0
0.0
0.3612
-0.6908
0.0
0.0
-0.5719
0.4404
-0.7096
0.8011
0.0
-0.3252
0.4753
0.5849
0.0
0.0
0.3612
0.8472
0.0
0.0
0.0
0.0
-0.4215
-0.2263
0.6351
-0.296
0.0
-0.4215
0.0
0.0
0.8585
0.0
0.0
0.0
0.0
0.4767
0.4588
0.3182
0.886
0.5242
-0.5777
0.0
0.0
-0.6486
0.0
0.0
0.2023
0.3612
0.0
0.4404
0.0
0.0
-0.34
0.3553
-0.765
0.2023
0.0
0.0
0.0
-0.4939
-0.6908
0.7269
0.0
0.0
0.0
0.7783
0.0
0.0
0.3612
0.0
0.0
0.0
0.0
0.0
0.7946
-0.4019
0.0
-0.6486
0.0
-0.5106
0.0
0.0
0.0
0.4404
0.4215
0.296
0.0
0.0
0.0
0.4902
0.0
0.504
0.0
0.3182
0.0
0.0
0.784
0.0
0.0
0.0
-0.9403
0.0
0.0
0.0
0.743
0.0
0.0
0.0
-0.25
0.0
-0.4404
-0.5106
0.0
0.296
-0.3612
0.8544
0.0
0.3612
0.0
0.0
0.0
0.0
0.0
0.0
0.0
0.0
0.0
0.0
0.0
0.128
0.5777
0.0
0.0
0.0
0.0
0.0
0.0
0.0
0.0
0.0
0.0
0.34
0.0
0.0
0.0
-0.4939
0.0
0.8617
0.4215
0.0
0.7249
0.0
-0.836
0.0
0.0
-0.4973
0.296
-0.34
0.0
0.0
0.0
0.0
0.3612
0.2914
0.7256
0.8555
0.3818
0.3182
0.0
0.0
0.0
-0.3412
0.0
0.4738
0.0
0.3612
0.4588
0.0
0.7564
-0.4105
-0.7003
0.91
0.0
0.0
0.0
0.128
-0.4295
0.0
0.7351
0.0
0.0
0.0
0.0
0.0
0.0
0.5719
0.0
0.0
0.1695
0.0
0.4404
0.0
0.0
0.0
0.0
0.4201
0.0
0.6682
0.0
0.0
0.4019
0.0
0.8126
0.0
0.795
0.0
0.0258
0.0
0.0
0.899
0.0
0.4588
0.0
0.0
-0.2732
0.0
0.3612
0.5106
0.0
0.6369
-0.5106
0.0
0.0
0.0
-0.1779
0.5719
0.0
0.5106
0.0
0.4767
0.0
0.0
-0.5777
0.0
0.0
0.7269
0.0
0.0
0.0
0.0
0.5859
0.0
0.4588
0.836
0.3182
0.0
0.0
0.0
-0.9552
0.0
0.7243
0.0
0.0
-0.8316
0.34
-0.1027
-0.25
0.8409
0.0
0.0
0.0
0.0
0.4767
0.0
0.0258
-0.4939
0.0
0.0
-0.2448
0.0
0.6369
0.4019
0.0
-0.7096
0.0
-0.296
0.0
0.6696
0.0
0.0
0.0
0.8074
0.0
-0.765
-0.1779
0.34
0.8201
0.0
-0.4767
0.4019
-0.7783
0.0
0.0
-0.4019
0.0
0.3182
-0.4795
0.0
0.0
0.0
0.0
0.0
0.0
0.0
0.0
0.0
-0.296
0.0
0.0
0.0
0.0
0.0
0.4215
0.0
0.0
0.0
0.7579
0.0
0.2023
0.4199
0.0
-0.296
0.4215
0.0
0.0
0.0
0.0
0.2263
-0.4959
0.0
0.1984
0.5994
0.3612
0.0
0.4295
0.6369
0.0
0.0
0.0
0.0
-0.4767
0.5023
-0.3365
0.0
0.6562
0.0
0.0
0.4404
-0.3887
0.0
0.4404
-0.4767
0.743
0.0
0.1779
0.0
0.4588
0.0
0.0
-0.3182
0.4215
0.0
-0.6892
0.7717
-0.5859
0.0
0.0
0.7096
0.2263
-0.5994
0.0
-0.4939
-0.3412
0.0
0.7269
0.7489
0.0
0.0
0.0
0.0
-0.8176
-0.5499
0.4215
0.0
-0.34
0.0
0.0
0.0
-0.6486
0.4404
0.0
0.0
0.0
0.0
-0.0258
0.5707
0.5242
-0.4019
-0.4019
-0.4019
0.5719
-0.4019
0.0
-0.4019
-0.4019
0.4767
0.4767
-0.7184
-0.296
0.0
0.0
-0.296
-0.296
-0.296
0.4215
-0.296
0.0
0.0
0.0
0.0
0.0
-0.5859
0.4019
0.0
0.0
0.0
0.0
0.0
0.0
0.0
0.0
0.8264
0.0
0.6369
-0.4019
0.0
-0.4019
0.0
0.0
0.0
0.0
0.0
0.0
0.0
0.0
0.0
0.0
0.0
0.0
0.0
0.0
0.4404
0.0
0.0
0.0772
0.0
0.0
0.0
-0.6597
0.0
0.0
0.0
0.0
0.0
0.0
0.8885
0.0
-0.5423
0.0
0.0
0.5399
0.0
0.0
-0.7227
0.0
0.0
0.4404
0.4588
0.0
0.0
0.0
0.0
0.0
0.0
0.4588
0.8398
0.4939
0.6705
0.1759
0.0
0.0
0.6863
-0.5859
0.0
0.0
0.0
0.0
0.0
0.765
0.0
0.0
0.0
0.0
0.0
0.0
0.0
0.0
-0.4019
0.0
0.6908
0.7059
0.0
0.0
-0.4767
0.0
0.0
0.2714
0.0
0.0
0.0
0.0
0.0
0.555
0.0
-0.296
-0.4215
0.0
0.4588
0.0
0.3818
0.0
0.4926
0.0
0.0
0.0
0.0
0.4767
0.4767
-0.4767
0.4767
0.0
-0.4019
0.0
0.0
0.0
0.9042
0.0
0.5106
0.7579
0.0
0.0
0.0
0.2732
0.0
0.0
0.0
0.3612
0.0
0.5994
0.0
0.2263
0.0
0.0
-0.2484
0.101
0.3182
-0.4404
0.2942
0.0
0.0
0.0
0.0
0.0
-0.264
0.0
0.5413
0.0
0.4215
0.0
0.6605
0.0
0.3182
0.0
0.6757
0.5859
-0.5423
0.6369
-0.6597
0.743
0.6369
0.9169
0.0
0.0
0.4215
0.7184
0.0
-0.7003
0.0
0.0
0.0
0.0
0.3612
-0.5255
0.0
0.0
0.0
0.0
0.6124
0.3612
0.0
0.2263
-0.3382
0.5927
0.7964
0.0
0.8176
-0.1098
0.4404
0.4939
0.5972
-0.3182
0.7506
0.6597
0.0
0.6369
-0.8674
0.0
-0.296
0.0
-0.34
0.0
0.0
0.0
0.0
0.0
0.0
0.0
-0.5574
0.0
0.0
0.0
0.0
0.0
0.0772
0.5859
0.0
-0.2958
-0.5859
0.0
0.0
0.4019
-0.296
0.0
0.0
0.0
0.25
0.4572
0.0
0.4588
0.4588
0.0
0.0
0.9633
0.7269
0.0
0.0
0.6369
0.4939
-0.1531
0.6705
0.0
0.0
-0.5859
0.4019
0.0
0.0
0.0
0.0
-0.5859
0.0
0.0
0.0
0.7184
0.6948
0.0
0.0
0.0
0.5994
0.5696
0.658
-0.296
0.0
0.2263
0.2732
0.0
0.6369
0.8395
0.296
-0.7754
0.296
0.0
0.0
0.0
0.7003
0.0
0.4939
0.624
0.0
0.0
0.0
0.0
-0.0516
0.4404
-0.3612
0.0
0.4404
0.0
-0.25
0.5574
0.0
-0.296
0.0
-0.4404
0.0
0.0
0.0
0.0
0.7424
0.4019
0.0
-0.4404
0.0
0.0
0.0
0.1779
0.0
0.3612
-0.3612
0.3612
0.0
0.0
0.0
0.0
0.25
0.6588
0.0
0.0
0.0
0.1531
0.0
0.2551
0.0
0.0
0.0
-0.0772
0.3612
0.0
0.0
0.0
0.0
0.0
0.0
0.0
0.0
0.5859
0.0
0.0
0.0
0.7973
0.0
0.0
0.296
0.0
0.4215
0.0
0.34
0.0
-0.4767
-0.3804
0.0
0.0
0.3818
0.3612
0.0
0.0
0.5777
-0.0772
0.6369
-0.5423
0.9057
0.4404
0.0
0.0
0.0
0.0
-0.3182
0.0
0.0
0.7845
0.0
0.0
0.0
0.4215
0.3595
-0.7906
0.0
0.0
0.4404
0.0
-0.7427
0.0
0.0
-0.3903
0.0
0.0005
0.3612
-0.6597
0.8779
-0.4215
0.6369
0.0
0.0
0.0
-0.5423
0.0
0.7184
0.5106
0.0
0.6486
-0.4939
0.0
-0.5696
-0.2732
0.7906
0.0
0.5106
-0.4939
-0.7184
0.0
0.0
0.0
-0.4939
0.0
0.0
0.0
0.0
0.6808
-0.25
0.0
-0.5106
-0.5423
0.0
0.0
0.0
0.0
0.0
0.0
0.0
0.0
0.0
0.0
-0.2263
0.0
0.6908
-0.5106
0.4215
0.0
0.0
0.4215
0.0
0.0
0.0
0.0
0.0
0.0
0.0
0.0
-0.7269
0.5719
-0.5574
0.5574
0.7579
-0.5859
0.0
0.0
-0.5719
-0.3612
0.0
0.0
0.5994
0.25
0.0
0.8402
0.0
-0.1531
0.8661
0.836
0.0
0.0
0.0
0.6369
0.0
-0.5106
0.0
-0.4767
0.5106
0.5358
0.0
0.6249
0.3571
0.7324
0.128
0.4404
-0.4003
0.0
0.0
0.0
0.0
0.0
0.0
0.2023
0.5859
0.4404
0.0
0.0
0.4404
0.2263
0.0
0.0
0.8126
0.4404
0.0
0.5719
-0.6369
0.0
0.0
0.4588
0.0
0.0
0.0
0.5106
0.3612
0.0
0.0
0.6688
0.6808
0.0
0.6597
0.4753
-0.6705
0.0
0.7184
0.0
-0.25
0.0
0.0
0.0
0.802
0.0
0.0
0.0
0.0
0.0
-0.4939
0.0
0.0
-0.4019
0.0
0.0
-0.5106
0.3182
0.4215
0.0
-0.7783
0.0
0.0
0.0
0.4215
0.0
0.0
0.4199
0.9015
0.0
0.4588
0.4939
0.0
0.0
0.0
0.0
0.0
-0.1007
0.0
0.0
-0.4374
0.5023
-0.4939
-0.1779
0.0
0.3612
0.0
0.6597
0.0
0.0
-0.555
0.7935
0.0
0.0
0.128
-0.6597
0.2023
-0.4215
0.0
0.5106
0.0
0.0
0.7096
0.0
0.0
0.0
0.4588
-0.2183
0.0
0.0
0.0
0.0205
0.0
0.0
0.0
0.2023
0.0
0.5562
0.0
-0.7908
0.0
0.7964
-0.5423
-0.4215
0.0
0.6124
0.0
0.9459
0.0
0.3182
0.3182
-0.4404
-0.2263
0.0
0.0
0.0
-0.2732
0.875
-0.8225
0.0
0.0
0.34
0.0
0.0
0.4588
0.1007
-0.7371
0.0
0.5846
0.0
0.7351
0.0
0.0
0.0
0.0
0.4215
-0.4767
0.0
0.1265
0.0
0.0
0.0
-0.4767
0.0
0.0
0.0
0.3612
0.0
0.0
0.4215
0.0
0.0
-0.4404
0.0
-0.25
0.2263
-0.2732
0.0
0.0
0.0
0.0
0.4588
0.0
0.7876
-0.0772
0.0
0.0
0.5574
0.0
0.0
0.4404
-0.4939
0.0
0.0
0.8176
-0.6124
-0.0772
0.0
0.4215
0.0
0.0
-0.2023
0.0
0.0
0.3612
0.0
0.0
0.1779
0.5719
-0.4939
-0.34
0.0
0.6808
0.0
0.0
0.0
0.7003
0.5859
0.0
0.0
0.1685
0.0
0.4767
0.4215
0.4215
0.8674
0.8683
0.0
0.0
0.8122
0.7506
0.0
0.0
0.0
0.2387
0.0
0.6705
0.6705
-0.4215
-0.2057
0.0
0.0
0.0956
-0.1531
0.0
0.4019
0.0
0.717
-0.7964
0.6124
0.0
-0.4939
0.128
0.705
-0.5653
0.0
0.4939
0.3612
0.9257
0.0
0.4588
0.0772
0.0
0.0
0.0
0.0
-0.3818
0.0
-0.4939
0.0
0.0
0.7073
0.0
0.0
0.0
0.0
0.0
0.4404
0.5859
0.4215
0.0
0.0
0.4404
0.0
-0.4939
0.8626
0.0
0.0
0.0
0.0
0.4574
0.0
0.4215
0.0
0.5106
0.0
0.0
0.0
0.0
0.0
0.0
0.7351
0.4215
0.0
0.0
0.0
0.624
0.0
0.0
-0.188
0.0
0.0
0.0
0.7184
0.0
0.4588
0.0
0.0
0.0
0.0
0.0
-0.3182
0.0
0.0
0.6697
0.5994
0.0
0.0
0.0
0.2732
-0.2732
0.8519
0.3612
0.4404
0.0
0.3612
0.0
0.0
0.5574
-0.5242
0.0
-0.5106
0.0
0.0
-0.9442
0.2023
-0.296
0.7506
0.0772
0.0
0.0
-0.7345
-0.5423
0.0
0.6249
-0.4019
0.0
0.7579
0.0
-0.6239
0.4404
0.2023
0.0
0.0
0.7717
0.0
0.6351
0.0
0.0
0.8655
0.3818
0.0
0.0
0.0
0.6369
-0.5994
0.0
0.0
0.3687
0.2732
0.0
0.0
0.6124
0.0
0.2263
0.0
0.0
0.0
-0.5859
0.0
0.4215
0.6696
0.0
0.9274
0.0
0.0
0.7717
0.0
-0.2755
0.3612
0.5719
0.0
0.5106
0.0
0.4404
-0.5719
0.624
0.0
0.4019
0.5106
0.2732
0.0
0.4404
-0.4215
0.5859
0.0
0.0
0.0
0.8689
0.0
0.0
0.3612
-0.296
0.4939
-0.8402
-0.5423
0.2263
0.6209
0.0
0.0
0.4588
0.3612
0.0
0.0
0.0
0.0
0.0
0.0
0.6369
-0.5859
0.0
0.5574
0.0
0.0
0.4404
-0.3182
0.0
-0.3182
0.0
0.0
0.0
0.0
0.4404
0.2477
-0.2235
0.7351
0.0
0.0
0.0
-0.4767
0.0
0.0
0.0
0.0
0.0772
0.0
0.0
0.6369
0.0
0.0
0.4939
0.6808
0.0
0.0
0.0
0.6369
0.0
0.8481
0.3612
0.0
0.7096
0.7941
0.0
0.6928
0.0
-0.0258
0.6124
0.9465
0.0
-0.1027
0.0
-0.5267
0.0
0.9337
0.0
0.0
0.7906
0.0
0.0
0.0
0.0
0.0
0.6124
0.0
0.0
0.0
0.0
-0.4939
0.8143
0.0
0.0
0.0
0.0
0.0
-0.5106
0.0141
0.0
0.4019
-0.296
0.0
0.0
0.0
0.0
0.5719
0.1779
0.0
-0.5859
0.0
-0.1531
0.0
0.0
0.7506
-0.3612
0.0
0.9442
0.4404
0.0
0.0
0.0
0.3182
0.6486
0.4215
0.0
0.4215
0.0
0.0
0.4215
-0.2465
0.0
0.0
0.0
0.5106
0.0
0.0
0.0258
0.0
-0.4019
0.34
0.6369
-0.4767
0.0
0.8007
0.0
-0.0516
0.0
0.0
0.0
0.0
0.0
0.0
0.0
-0.4019
0.4215
0.2023
-0.3612
0.5106
0.0
0.4404
-0.5423
0.0
0.7096
0.5106
0.6124
0.0
0.0
0.0
-0.6174
0.0
0.0
0.0
0.0
0.8999
0.0
0.4215
0.0
0.0
0.0
0.743
0.7845
0.4404
0.0
-0.4753
0.0
-0.5719
0.5106
0.0
0.0
0.0
0.0
0.0
0.1365
0.0
0.0
0.4404
0.0
-0.5994
0.0
0.0
0.9423
0.0
0.8478
-0.5267
0.4404
0.5719
0.3612
0.0
0.8555
-0.4201
0.0
0.4767
0.0
0.0
0.0
0.6103
0.0
0.4215
0.6369
0.0
0.5777
0.4404
-0.811
-0.6139
-0.2732
0.0
0.0
0.0
0.0
0.5719
0.0
0.0
0.0
0.0
0.6239
-0.0516
0.0
0.0
0.0
0.0
0.7832
0.0
-0.25
-0.2732
0.0
-0.2732
-0.8519
0.0
0.5719
0.4404
0.4926
0.6369
0.0
-0.2732
0.2732
0.0
-0.2732
0.0
0.0
0.6369
0.7096
0.0
0.0
-0.3595
0.5106
0.0
0.0
0.6369
0.4738
0.0
0.5859
0.0
0.0
0.0
0.34
-0.6369
0.0
0.0
-0.2732
0.0
0.6597
-0.3182
0.4215
0.0
0.0
-0.5013
0.6604
0.0
0.836
0.0
0.0
0.0
0.0
0.5994
-0.2031
0.3612
0.0
0.4588
0.0
0.0
0.0
0.4404
0.818
0.6369
0.0
0.4215
0.3612
0.5994
0.5106
-0.5106
0.0
0.7003
0.9062
0.2732
0.0
-0.3595
-0.4939
0.0
0.4051
0.0
0.0
0.0
0.0
0.0
0.0
0.8625
0.0
0.5423
0.0
0.0
0.0
0.0
0.4738
0.4404
0.0
-0.1779
0.0
-0.3786
0.7096
-0.8625
0.0
0.1027
0.0
0.6908
-0.7081
-0.743
-0.8625
0.6566
0.0
0.0
0.0772
0.6369
0.0772
-0.0772
0.4404
0.4767
0.0
-0.5719
0.7506
0.0
0.0
0.49
0.0
0.0
0.0
0.3612
0.0
-0.8625
0.0516
0.0
0.0
0.0
0.0
0.3612
0.0
-0.1531
0.0
0.0
0.2014
0.0
0.0
0.0
0.0
0.0
0.0
0.0
0.0
0.0
0.0
0.0
0.0
0.0
0.0
0.0
0.0
0.0
0.0
0.0
0.0
0.0
0.0
0.0
0.0
0.0
0.296
0.0
0.7333
0.0
0.0
0.5859
0.8478
-0.4767
0.0
0.0
0.0
0.8625
0.0
0.0
-0.296
0.0
0.0
0.296
0.0
0.0
0.0
0.0
0.0
0.0
0.3071
0.0
0.4215
0.5106
0.0
0.0
0.0
0.0
0.4019
-0.4404
0.0
0.0
0.5095
0.0
0.4019
0.6988
0.0
0.7269
0.0
0.0
0.0
0.128
0.5106
0.0
-0.5423
0.0
0.128
0.8429
0.0
0.0
-0.1779
0.0
-0.4767
-0.1779
-0.3182
0.0
0.0
0.0
0.5574
0.0
0.0
-0.4767
0.1779
0.0
0.5106
0.4404
0.0
0.0
0.5994
0.0
0.8591
0.3832
0.5719
0.0
0.0772
-0.4019
0.4738
0.0
0.3321
0.0
0.0
0.0
0.0
0.0
0.5859
0.0
-0.3612
0.0
0.0
0.0
0.0
0.0
0.4588
0.0
0.0
0.4019
-0.6597
-0.7849
-0.5983
0.0
0.0
0.0
0.0
0.0
0.0
0.0
-0.34
0.0
0.0
0.0
0.0
0.0
-0.5678
0.0
0.0
0.4939
0.2672
0.2732
0.0
0.0
0.0
0.0
0.0
0.0
0.0
-0.1864
0.0
0.0
0.2732
0.0
0.0
0.0
0.0
0.0
0.0
0.0
0.0
0.6696
0.0
0.0
0.0
0.0
0.0
0.0
-0.1531
0.0
0.0
0.0
-0.3818
0.0
0.0
0.0
0.0
-0.7964
0.0
0.7184
0.0
-0.8134
0.8555
0.0
0.2263
0.0
0.0
0.2235
0.0
0.0
0.0
0.0
0.0
0.0
0.0
0.0
0.0
0.0
0.8779
0.2732
0.0
0.6369
0.0
0.0
0.0
0.0
0.0
0.0
0.2462
0.0
0.0
0.0
0.8834
0.0
0.0
0.0
0.4404
0.0
0.4574
0.0
0.0
0.0
0.8176
0.0
0.0
0.0
0.0
0.0
0.0
0.0
0.5574
-0.7385
0.0
0.5362
0.0
0.0
0.3612
0.0
0.0
0.4168
0.0
0.0
0.0
0.0
0.0
0.0
0.0
0.0
0.0
0.0
0.0
0.0
0.0
0.4404
0.7096
0.0
0.0
0.0
0.0
0.0
0.6369
-0.3182
0.0
0.7269
0.0
0.0
0.6486
0.0
0.4588
0.0
0.0
0.0
0.3818
0.0
0.0
0.0
0.0
0.0
0.0
0.0
0.0
0.0
0.0
0.2191
0.0
0.0
0.0
0.34
0.0
0.4588
0.0
0.0
0.0
0.0
0.0
0.0
0.0
0.0
0.0
-0.7269
-0.296
0.0
0.2675
0.0
0.0
0.0
0.4588
0.0
0.4404
0.0
0.0
0.0
0.7293
0.0
0.0
0.0
0.0
0.0
0.0
0.0
0.0
0.0
0.4404
0.0
0.0
0.0
0.5859
0.4588
-0.2732
0.5204
-0.2732
0.2714
0.0
0.0
0.4754
0.0
0.8415
0.0
0.4588
0.0
0.5399
0.0
0.4215
0.0
0.4019
0.0
0.0
0.0
0.0
0.0
0.0
0.875
0.5374
0.0
0.0
0.0
0.0
0.0
0.0
0.0
0.1779
0.0
0.0
0.7342
0.0
0.0
0.0
0.0
-0.1027
0.0
-0.128
-0.743
0.3612
0.0
0.0
0.0
0.5267
-0.6229
-0.392
-0.5562
0.0
0.4199
0.25
0.0
0.0
0.0
0.5023
0.0
0.0772
0.7184
0.0
0.0
-0.3818
0.0
0.0
0.0
-0.4588
0.0
0.0
0.0
-0.3612
-0.5859
-0.4404
0.0
0.0
0.0
-0.2057
0.0
0.0
0.0
0.25
0.7177
0.0
-0.2942
0.0
0.6908
0.658
0.5423
-0.5267
0.5499
0.0
0.5574
0.0
-0.4545
0.0
0.0
0.0
0.0
0.0
0.0
0.0
0.0
0.0
0.0
0.0
0.0
-0.4404
0.0
-0.0258
0.7096
0.6369
0.0
0.0
-0.5719
0.0
0.0
0.4404
0.0
-0.5719
0.0
0.0
-0.4019
-0.1531
0.0
-0.4981
0.4215
0.0
0.0
0.0
-0.68
0.3612
0.0
-0.34
0.0
0.0
-0.5106
0.0
0.0
0.3182
0.0
-0.5423
0.2235
0.0
0.0
0.0
0.0
0.5106
-0.5106
0.4215
0.0
0.0
0.0
0.0
0.0
0.0
0.6269
0.0
0.0
0.0
0.0
0.0
0.0
0.0
0.4588
0.8074
0.8442
0.0
0.0
-0.5719
0.0
-0.3612
0.0
0.0
0.0
0.4767
0.0
0.0
0.8555
0.8402
0.0
0.0
0.2023
0.4404
0.4753
0.6969
0.0
0.0
0.4215
0.0
0.6229
0.0
0.4215
-0.5859
0.0
0.0
0.0
-0.6705
0.0
0.0
0.0
0.0
0.93
0.0
0.0
0.7184
0.0
-0.4019
0.0
-0.4019
0.0
0.0
0.0
0.0
0.9022
0.0
0.0
-0.4545
-0.5423
0.0
0.0
0.0
-0.2244
0.8398
0.0
0.0
0.3987
0.0
0.0
0.4588
0.7096
0.0
0.0
-0.3818
0.0
0.0
0.0
0.0
-0.8074
-0.4767
0.0
0.4215
0.0
0.5719
0.7783
0.4404
0.7845
0.4404
0.0
-0.4767
0.3612
0.0
0.0
0.0
0.6369
0.0
0.4215
-0.4824
0.6917
0.8765
0.6369
0.0
0.4215
0.0
0.0
0.0
0.0
0.4588
0.0
0.128
0.0
-0.0752
0.533
0.0
0.0
0.0
0.7877
0.2732
0.0
0.6221
0.0
0.0258
0.0
0.0
0.0
0.0
-0.5499
-0.2411
0.0
0.0
-0.555
0.0
0.0
0.0
-0.4767
0.0
0.4404
0.7418
-0.7514
0.0
0.5274
-0.25
0.0
0.0
0.7783
0.0
0.6696
0.0
0.0
0.0
0.0
0.0
0.3612
0.765
0.0
-0.0772
0.0
0.9039
0.0
0.7906
0.0
0.0
0.0
0.4215
0.0
-0.296
0.0
0.0
0.0
0.431
0.0
0.7639
0.0
0.3612
0.0
0.4404
0.3182
0.0
0.0
0.6369
0.7269
0.296
0.0
0.743
0.0
-0.5574
0.0
0.0
0.3041
-0.6478
0.4912
0.0
0.0
-0.1779
0.0
0.4019
0.0
-0.4005
0.0
0.0
0.0
0.0
0.5936
0.2023
0.0
0.3182
0.0
-0.2002
0.0
0.0
0.4588
-0.4912
0.0
0.9396
0.5859
0.7579
-0.3252
0.0
0.5859
0.0
-0.5267
0.6369
0.7003
0.0
-0.296
0.0
0.0
0.0
0.0
0.0
0.0
0.0
0.0
0.0
0.0
0.0772
0.3612
0.4215
0.0
0.0
-0.4234
0.0
0.0
-0.3384
0.7096
0.0
0.6115
0.0
0.6369
0.0
0.0
0.0
0.7003
0.0
0.0
-0.2732
0.0
0.0
0.3182
0.0
0.0
0.0
0.7184
-0.4404
0.0
0.0
0.4939
0.0
0.0
0.0
0.0
0.4574
0.0
0.0
0.0
0.8395
0.4767
0.0
0.7906
0.0
0.0
0.0
0.4215
0.0
0.7494
0.0
0.5777
0.0
-0.0258
0.0
0.0
0.4404
0.0
0.0
0.0
0.0772
-0.5423
0.6369
0.3612
-0.555
0.0
-0.6486
0.9258
0.0
0.0
0.0
0.2023
0.0
0.0
-0.1531
0.0
0.0
0.0
0.8328
0.4588
0.0
0.0
0.0
0.0
0.4588
0.0
0.0
0.0
0.0
0.0
0.4215
0.0
0.0
0.0
0.0516
-0.5423
0.0
0.3252
0.0
-0.4767
0.0
0.0
0.0
0.0
0.3612
0.0
-0.3802
0.0
0.0
0.802
0.0
0.4019
0.0
0.5255
-0.5667
0.1531
0.0
0.5707
0.0
0.5242
0.0
0.0
0.3612
0.0
0.0
-0.0572
0.0
-0.4404
0.0
0.0
-0.3182
0.0
0.3578
0.0
-0.3875
0.8271
0.0
0.9078
0.0
-0.3182
0.0
-0.6338
0.6329
0.0
-0.1027
0.3612
0.0
0.0
0.0
0.0
0.0
0.3291
0.0
0.0
-0.4003
0.0
0.0
-0.2235
-0.3182
-0.5859
-0.7121
0.5106
0.0
0.0
0.0
0.0
-0.4588
0.7351
0.0
-0.296
-0.0516
0.0
0.0
-0.0516
0.4215
0.0
0.9231
0.3818
0.0
0.0
-0.3182
0.0
0.0
0.3724
0.0
-0.4559
0.0
0.0
0.0
-0.2732
0.0
0.0
-0.2263
0.5963
0.8834
0.0
0.0
0.4939
0.0
0.717
0.0
0.0
0.0
0.0
0.0
0.0
0.0
0.9097
0.0
-0.2263
0.3612
0.0
0.0
0.0
0.0
0.0
0.0
0.0
0.0
0.0
0.0
0.0
0.0
0.2382
-0.539
0.0
0.0
0.0
0.0
-0.1531
0.743
0.0
0.3612
0.8807
0.5399
0.0
0.902
0.0
-0.5093
0.0
0.0
0.0772
0.5106
0.0
0.6124
0.0
0.0
-0.296
0.0
0.9571
0.0
0.0
-0.2006
0.0
0.0
0.0
0.0
0.9392
0.0
0.7717
0.0
-0.357
0.0
0.0
0.0
0.8313
0.0
0.0
0.0
0.128
0.8313
0.0
0.8313
0.5859
0.8313
0.6369
0.0
0.4588
0.4939
0.0
0.0
0.0
0.8184
0.0772
-0.4939
-0.2732
-0.3384
0.0
0.9423
0.0
0.836
0.0
0.0
-0.1706
0.7955
0.0
-0.3612
0.5106
0.0
0.0
0.4404
0.4939
0.8645
0.0
0.0
0.5994
0.3597
0.0
-0.3182
0.0
0.0
0.4767
0.0
0.0
0.1779
0.0
0.0
-0.6705
0.0
0.6124
0.0
0.0
0.4404
0.5106
0.6369
0.0
0.0
0.6369
0.0
0.0
0.7531
-0.0516
-0.296
0.0
-0.2047
0.0
0.1027
0.2023
0.0
0.0
0.8313
-0.296
0.0
0.0
0.0
0.0
0.0
0.0
0.0
0.0
0.0
0.0
0.0
0.4023
0.6124
0.0
0.0
0.0
0.4939
0.5399
0.3612
0.5106
0.5423
0.9039
0.386
0.3612
0.6597
0.0
0.5719
0.0
0.0
0.2732
0.9423
0.0
0.0
0.4019
0.3182
0.0
0.0
0.0
0.0
0.2235
0.0
0.0
0.5994
0.0
0.0
0.0
0.4588
-0.296
0.0
0.0
0.7184
-0.8225
0.0
0.1531
0.0
0.0
0.0
0.7269
0.0
0.0
0.0
0.0
0.8625
0.3818
0.0
0.0
0.0
0.0
0.0
0.9571
0.0
0.0
0.4404
0.8625
0.3818
0.4588
0.0
0.024
0.7716
0.0
0.0
0.8742
0.0
0.4588
0.0
0.0
0.3612
0.7088
0.8658
0.0
0.5242
0.7531
-0.3384
0.0
-0.2023
0.0
0.0
0.4939
-0.6486
0.0
0.0
0.6705
0.0
0.508
0.0
-0.5859
0.0
0.0
-0.4215
0.0
0.0
0.5106
0.0
0.0
0.4215
0.0
0.7717
-0.5134
0.0
0.0
0.6124
0.0
0.2263
0.5106
0.8225
0.5267
0.0
0.0
0.0
0.4939
0.0
0.25
-0.7964
0.0
0.0
0.0
0.0
0.5106
0.0
0.0
0.0
0.0
0.4215
0.0
0.0
0.4588
-0.2732
0.0
0.8777
0.0
0.3612
0.0
0.8174
0.9102
0.4588
0.0
0.0
0.0
0.3612
0.0
-0.34
-0.1531
0.0
0.0
0.3182
0.5267
0.0
0.0
0.0
0.0
0.0
-0.7351
0.4939
0.12
0.6467
0.296
0.3612
0.0
0.0
0.7269
0.0
0.0
0.0
0.0
0.0
0.0
-0.7845
0.0
0.0
0.0
0.8442
0.0
0.0
0.8309
-0.4738
0.4871
0.0
-0.7351
0.5242
0.0
0.0
0.6808
0.4404
0.0
0.3612
0.0
0.0
0.0
0.0
0.0
0.5859
0.0
0.5255
0.0
-0.5423
0.0
0.0
0.0
0.4871
0.4215
0.6597
0.2263
0.0
-0.5859
0.0
0.4404
-0.6908
0.0
0.0
0.0
0.7901
0.0
0.0
0.0
0.0
-0.8752
0.0
0.4215
-0.5859
0.0
0.0
0.0
0.9199
0.4215
0.3818
0.4184
-0.7184
-0.34
0.0
0.0
-0.296
0.0
0.0
0.0
0.8877
0.0
0.5574
0.0
0.5242
0.0
0.0
0.0
-0.7501
0.0
0.0
0.0
0.6369
0.6369
0.474
0.0
0.0
0.7506
0.0
0.0
-0.5526
0.0
0.4019
0.0
0.8271
0.4199
-0.5859
-0.3527
0.3612
0.6369
0.6369
0.0
0.0
0.0
0.0
0.6597
0.6808
0.0
-0.2942
0.658
0.6124
-0.5423
0.0
0.0
0.6988
0.0
0.0
0.4767
0.0258
0.3612
0.4926
-0.5719
0.2263
0.0
-0.6486
0.0
0.0
0.0
0.3612
0.0
0.0
0.0
0.0
0.4215
0.0
0.6597
0.0
-0.4588
0.0
0.0
0.6988
0.0
0.0
-0.4885
0.0
0.3612
-0.5574
0.0
0.0
0.0
0.0
0.0
0.0
0.0
0.0
0.0
0.0
-0.4939
0.4019
0.0
-0.5859
0.0
0.6114
-0.3612
-0.1027
-0.795
0.0
0.3612
0.0
0.0
0.0
-0.5859
0.1027
0.0
-0.4215
0.8353
0.0
0.0
-0.0772
0.0
0.0
0.4404
-0.5423
0.0
0.0
0.4404
0.7263
0.8834
0.34
-0.1531
0.0
0.6114
0.3612
0.34
-0.4767
0.0
0.6588
0.0
0.0
0.0
0.6486
0.3612
0.0
0.5719
0.0
0.7269
0.0
0.5093
0.0
-0.4404
0.0
0.7896
0.0
0.0
0.0
-0.6705
0.0
0.0
0.0
0.0
0.3612
0.0
0.8646
0.5242
0.0
0.0
0.0571
0.0
-0.1531
0.0
0.0
0.5859
0.4404
0.0
0.0
0.0
0.0
0.0
0.6369
0.0
0.0
-0.4374
0.9558
0.2235
0.0
-0.4215
0.807
0.5023
0.4588
-0.4019
-0.3274
0.0
0.0
0.0
0.0
0.0
0.0
0.0
0.0
0.0
0.8542
0.0
-0.34
0.0
0.555
0.4767
0.2292
0.0
0.0
-0.34
-0.2244
0.0
0.0
0.0
-0.2003
0.0
0.0
0.0
0.0
0.6988
0.7269
0.8807
-0.4215
-0.4404
0.0
0.3182
-0.4588
-0.6573
0.0
0.7906
0.2732
0.0
0.0
0.2144
0.4588
0.0
0.6249
-0.34
0.5093
0.7717
-0.6369
0.0
0.0
0.0
0.4404
0.0
0.0
0.4588
0.0
0.4588
0.0
-0.5267
0.0
0.4019
0.0
0.2023
0.0
0.0
0.0
0.4588
0.0
0.0
0.4404
0.0
-0.5719
0.4404
0.2023
0.0
0.0
0.0
-0.4404
0.0
0.4588
0.6597
0.0
0.0
0.0
0.4404
0.0
0.0
0.0
0.8625
0.0
0.6249
0.0772
0.0
0.224
0.0
-0.4019
0.0
-0.5428
0.2732
0.0
0.0
0.0
0.0
0.6908
0.0
0.9595
0.0
0.5719
0.4019
0.0
0.0
0.0
0.0
0.0
0.875
0.0
-0.5574
-0.34
0.4215
0.0
0.0
-0.2037
0.0
0.0
0.0
-0.2942
0.0
0.7184
0.0
0.4019
-0.5707
0.0
0.0
0.5346
0.865
0.0
0.0
0.0
0.4215
0.0
-0.5859
0.836
0.0
0.0
0.0
0.3612
0.0
0.0
0.34
0.0
0.6988
0.7184
0.8316
0.6486
0.8807
-0.296
-0.34
0.0
0.7717
0.4449
-0.3182
0.6369
0.0
-0.0258
0.0
0.0
0.1511
0.0
0.0
0.0
0.0
0.0
-0.3384
0.0
0.4939
0.4215
0.0
0.0572
0.0
0.0
0.0
0.0
0.0
0.5232
0.0
0.4926
0.0
0.0
0.0
0.0
0.636
0.8316
0.0
0.0
0.0
0.0
0.0
0.0
0.0
0.0
0.4588
0.6369
0.0
0.0
0.0
0.0
-0.5719
0.0
0.0
0.5405
0.0
-0.3412
0.0
0.0
0.0
0.0
0.0
0.0
0.0
-0.5719
0.0
-0.6114
0.0
-0.4184
0.0
0.0
-0.4939
-0.4019
0.0
0.368
0.0
0.8047
-0.7003
0.0
0.0
-0.357
0.0
0.6988
0.0
0.5106
0.5781
0.0
0.3612
0.0
0.0
0.1027
-0.6486
0.7184
0.0
0.8977
0.0
0.0
0.0
-0.6428
0.4588
0.0
0.296
-0.3182
0.0
0.7096
0.0
0.0
0.0
0.0
0.0
0.0
0.0
0.0
0.0
0.0
0.4767
0.0
0.4404
-0.3182
0.0772
0.0
0.0
0.2732
0.0
0.5687
0.4199
0.0
0.8881
0.0
0.0
0.0
0.0
0.0
0.0
0.0
0.5411
0.0
-0.775
0.0
0.0772
0.4404
0.0
0.5661
0.128
0.0
0.3182
0.0
0.0
0.0
-0.3208
-0.8481
0.0
-0.3182
0.0
0.0
0.0
0.0
0.6369
0.0
0.0
0.0
0.3612
0.5106
0.2235
0.0
-0.8779
0.0
0.0
0.0
0.0
-0.9686
0.0
0.0
0.6369
0.0
0.7717
-0.5106
0.0
0.0
0.0
0.0
0.4404
0.0
0.3802
0.0
0.0
0.0
0.807
0.0
0.8627
-0.3182
-0.4753
0.6369
0.5951
0.4574
0.0
0.8316
0.0
0.8885
0.0
0.296
0.5267
0.0
0.0
0.0
0.4588
0.886
-0.3612
-0.2732
0.0
0.0
0.0
0.4215
0.0
0.0
0.5954
0.6696
0.6369
0.0
0.0
0.8126
0.0
-0.1531
0.0
0.0
0.0
0.5204
0.0
0.1901
0.5954
-0.1531
-0.4404
0.5719
-0.2023
0.3612
0.4215
0.0
-0.3419
0.0
0.4215
0.0
0.0
-0.2942
-0.3578
0.0
0.0
-0.7351
-0.5837
0.6369
0.0
0.7579
-0.4019
0.0
0.34
0.0
0.0
0.5719
0.0
0.4404
0.0
0.5673
0.0
-0.5859
0.0
0.0
0.5859
0.0
0.8126
0.0
0.0
0.0
0.4588
0.0
0.4588
-0.6808
0.0
0.5256
0.0
0.7214
0.5994
0.7964
0.0
0.168
0.0
0.7214
0.0
0.0
0.0
0.0
0.0
0.0
0.0
0.0
0.0
0.4404
0.4588
0.0
0.0
0.1779
0.4404
0.0
0.0
0.0
0.4215
0.0
0.4588
0.0
0.4588
0.6124
0.0
0.0
0.0
0.2263
0.4588
0.0
0.565
0.0
0.4389
0.0
0.0
0.0
0.3612
0.4588
0.0
0.0
0.0
0.0
0.0
0.4404
0.0
-0.1531
0.0
0.5719
0.0
0.0
-0.3818
0.0
0.5267
0.0
0.0
0.0
0.5859
0.0
-0.4588
0.0
0.0
0.4588
0.0
-0.5423
0.75
0.0
0.0
0.0
0.0
0.0
0.4588
0.0
0.658
0.0
-0.6486
0.0
0.6369
0.0
0.0
0.1027
0.3612
0.4404
0.6908
0.0
0.0
0.0
0.5267
0.2235
0.0
0.6597
0.4588
0.5859
-0.34
0.0
0.5574
0.0
0.0
0.743
0.0
0.0
0.4404
0.0
-0.6901
0.3612
0.0
0.0
0.0
0.0
0.0
0.0
0.0
0.0
0.0
0.0
0.0
0.0
0.0
0.6486
-0.1531
0.2813
0.0
0.0
0.0
0.0
0.0
0.0
0.5367
0.5949
0.6377
0.0
0.0
0.5719
0.0
0.0
0.0
0.0
0.0
0.0
0.4588
0.0
0.0
0.0
0.0
0.0
0.508
-0.5423
0.0
0.4215
0.0
0.0
0.0
0.0
0.0
0.3612
0.0
0.0
0.0
0.0
0.0
0.0
0.0
0.0
0.0
0.0
0.0
0.0
0.0
0.0
0.5106
0.0
0.0
0.0
0.0
0.0
0.659
0.0
-0.2023
0.0
-0.0772
0.0
0.0
0.0
0.0
0.0
0.0
0.8168
0.0
0.0
-0.9485
-0.2732
0.0
0.8172
0.0
0.0
0.0
0.0
0.3612
0.4374
0.0
0.4588
0.3802
0.0
0.0
0.0
0.0
0.3612
0.0
0.0
0.5837
0.0
0.0
0.0
0.0
0.0
0.3612
-0.5423
0.7184
0.0
0.4588
0.0
-0.0772
0.0
0.0
0.0
0.2732
-0.296
0.0
0.0
0.0
0.0
0.658
0.6597
0.4374
0.4767
0.7184
0.0
0.6369
0.0
0.4019
-0.5859
0.0
0.0
0.0
0.1779
0.0
0.0
0.0
0.0
-0.34
0.0258
0.0
0.0
0.8555
0.0
0.0
0.0
0.4215
0.0
0.0
0.0
0.6369
0.8205
0.0
0.7351
0.0
-0.5859
-0.1531
0.0
-0.7494
0.4215
0.0
-0.1779
0.0
0.3612
-0.0772
0.0
0.6597
0.0
0.0
0.4939
-0.5859
0.0
0.9333
0.0
0.0
0.0
0.0
0.4588
0.0
0.0
0.0
0.0
0.0
0.0
0.4588
0.0
-0.3786
-0.34
0.9147
0.4019
0.4939
0.6908
-0.7979
0.1007
0.0
-0.872
0.0
0.0
-0.6486
0.0
0.4939
0.0
-0.0258
0.0
0.0
0.0
-0.6112
0.0
0.3612
0.0
0.4215
0.0
0.5434
0.6908
-0.5994
0.8507
0.0
0.0
0.0
-0.5423
-0.4767
0.0
0.0
0.4404
0.0
0.0
0.0
0.7184
0.0
-0.296
0.0
-0.7003
0.0
0.0
0.0
0.872
0.0
0.0
0.4215
0.0
-0.5875
0.0
0.0
0.0
0.0
0.0
0.4404
0.0
0.2263
0.0
-0.0387
0.0
-0.5719
0.0
0.0
0.0
0.0
-0.1531
0.0
0.0
0.0
0.0
0.0
0.0
0.0
0.0
-0.296
0.6239
0.0
0.0
0.0
0.0
0.6908
0.0
-0.2263
0.4404
0.6972
0.0258
0.0
0.0
0.0
0.7634
0.0
0.0
0.0
0.0
0.0
0.0
0.0
0.0
-0.5994
0.0
0.7351
0.3612
0.0
0.0
0.4404
0.0
0.0
0.0
0.0
0.8491
0.0
0.0
0.0
-0.3612
0.0
-0.4019
0.0
0.0
0.0
-0.4767
-0.1531
0.2263
0.0
0.5994
0.0
0.0
0.0
0.0
0.4215
0.0
0.8302
0.0
0.0
0.5267
0.4588
0.7947
0.0
0.0
0.4404
0.0
0.296
0.6486
0.5106
0.0
0.0
-0.6369
0.4939
0.3818
0.3365
0.5719
0.0
-0.1779
0.0
0.0
0.4215
0.0
0.0
0.34
0.6854
0.0
0.0
0.0
-0.4767
0.0
0.2398
0.25
0.7579
0.4588
0.0
0.0
-0.1139
-0.6597
0.0
0.0
-0.4767
0.0
-0.5859
0.0
0.4215
-0.5423
-0.5423
0.0
0.0
0.5994
0.2023
0.0
0.0
-0.5994
0.0
0.0
0.0
0.6994
0.0
0.3818
0.0
0.0
0.0
0.0
0.4939
0.0
0.4588
0.6114
0.5859
0.0
0.0
0.5367
-0.4601
0.0
0.0
0.2023
0.0
0.0
0.4019
0.1779
0.0
0.0
0.0
-0.2905
0.0
0.6369
0.0
0.0
0.7906
0.659
-0.4767
0.3612
0.0
0.0
0.4404
0.0258
0.0
0.0
0.3612
0.0
0.0
0.0
0.0
-0.3382
0.0
0.6124
0.795
0.0
0.0
0.3182
0.0
0.0
0.0
0.0
0.0
0.0
0.0
0.7351
0.0
0.0
0.7
0.0
-0.0516
0.0
0.4199
0.0
0.0
0.296
0.0
-0.4767
0.0
0.0
0.0
0.8053
0.0
0.4215
0.0
0.0
0.0258
-0.5719
0.4588
0.0
0.0
0.6369
0.6467
0.0
0.0
-0.5423
0.0
-0.296
0.0
0.0
0.743
0.6369
-0.5859
0.0
0.0
0.0
0.0
0.0
0.4019
0.0
0.0
0.0
0.0
0.7964
0.0
0.3182
0.4588
-0.0772
0.0772
-0.4215
0.0
0.4215
0.5255
-0.25
0.0
0.0258
0.7506
0.5994
-0.1531
0.34
0.0
0.0
0.3182
0.0
0.0
0.0
0.5423
0.0
0.0
0.0
0.8439
-0.5719
0.8928
0.0
0.0
0.1779
0.5719
0.0
0.0
-0.5423
0.4404
0.0
-0.6526
0.0
0.2263
0.0
0.0
0.0
0.6486
0.0
-0.3612
0.6467
0.0
0.3612
0.0
0.1901
0.9299
-0.4767
0.4767
0.0
0.0
0.0
0.0
0.0
0.0
0.0
0.0
0.4404
0.0
0.4019
0.068
0.3612
0.0
0.0
0.0
0.0
0.0
0.4588
0.0
0.296
0.6597
0.0
0.3612
0.4588
-0.5859
0.0
0.0
0.0
0.4019
0.0
0.0
-0.1027
0.0
-0.5106
0.4215
0.5399
0.0
0.0
0.0
0.0
0.0
0.4404
0.6249
0.8271
-0.5267
0.0
0.0
0.3612
0.0
0.0
-0.6124
-0.7772
0.0
0.8608
0.0
0.4437
0.5423
-0.3182
0.6124
0.296
0.0
-0.5423
0.0
0.0
-0.5574
0.5103
0.0
0.7184
0.0
0.9771
0.0
0.0
0.0
0.0
-0.4767
0.0
0.0
0.8217
0.0
0.0
0.6249
0.0
0.8074
-0.128
0.4215
0.6467
0.0
0.6369
0.0
0.0
0.0
-0.2728
0.0
0.0
0.0
0.855
0.6592
-0.4939
-0.68
0.0
0.8689
0.0
0.0
0.6467
0.6808
0.3612
0.3612
0.5719
0.3612
0.0
0.0
0.0
0.5562
0.6784
-0.658
0.0
0.0
-0.5399
0.0
0.0
0.5719
0.0
0.0
0.0
0.0
0.0
0.0
0.3182
0.6785
0.0
0.8945
0.0
0.0
0.0
0.0
0.0
0.4019
0.0
0.8393
-0.6209
0.6114
-0.3182
0.0
0.8264
0.6808
0.765
0.9349
0.7983
-0.0772
0.0
0.0
0.0
0.7762
0.0
0.0
0.0
-0.296
0.0
0.5719
0.0
0.0
0.1531
0.6124
0.6124
0.0
0.0
0.8442
0.0
0.0
0.5106
0.6369
0.8011
0.5093
0.6115
0.6588
-0.0516
0.0
0.5719
0.0
0.2235
0.6114
0.6808
0.5719
0.0
0.0
0.471
0.4374
0.0
0.0
0.0
0.0
0.0
0.9622
-0.0572
0.0
0.0
0.0
0.5038
0.0
0.0
0.0
0.0
-0.0572
0.0
0.0
0.0
0.0
0.0
0.5719
0.0
-0.296
0.0
-0.5411
0.0
0.0
0.0
0.0
0.0
0.0387
0.0
0.0
0.0
0.0
0.6486
0.5423
0.8885
0.5719
0.9164
0.0
0.0
0.0
0.0
-0.3384
0.0
0.745
0.4939
0.9286
0.4588
0.0
0.0
0.0
-0.1531
0.0
0.0
0.4576
0.0
0.0
0.128
0.5719
0.0
0.0
0.4019
-0.4767
0.0
0.0
0.0516
0.0
0.8005
0.0
0.2023
-0.6467
0.0
0.4168
0.8507
0.2944
0.0
0.923
0.0
0.7579
-0.1139
0.0
0.0
0.0
0.4404
0.0
0.836
0.0
0.5719
0.0
0.0
0.5574
0.5423
0.2235
0.7959
0.5719
0.0
0.0
0.0
-0.296
0.0
0.0
0.0
0.0
0.0
-0.6597
0.4588
0.0
0.5859
0.9258
-0.4939
0.0
0.0
0.0
0.4404
0.0
0.8687
0.3578
0.0
0.5106
0.0
0.6249
-0.5267
0.4588
0.0
0.7506
-0.2732
0.0
0.0
0.6369
0.1511
0.0
0.2263
0.4019
-0.5267
0.0
-0.5216
0.5556
0.0
0.0
0.8513
0.9246
0.5719
0.0
0.0
0.0
0.2263
0.0
0.8316
0.0
0.0
0.0
0.0
0.8268
0.893
0.0
-0.4767
0.0
0.0
0.4588
0.0
0.5994
-0.2415
0.0
0.0
0.4404
0.0
-0.4574
0.0
0.4588
0.0
-0.7912
0.7819
0.0
0.3256
0.0
0.0
0.3612
0.4003
0.5719
-0.2263
0.4003
-0.1759
0.4215
0.0
0.0
0.0
0.495
0.0
0.0
0.0
0.3147
0.6467
0.0
-0.6988
0.6652
-0.4559
0.5719
-0.3182
0.7568
0.5719
-0.5106
-0.2942
0.3612
-0.2815
0.6486
0.0
0.4404
0.4449
0.0
0.0
0.0
-0.6249
0.765
-0.7579
-0.1511
0.0
0.0
-0.6249
0.5859
0.0
0.4738
-0.6249
0.4926
0.0
0.6369
0.0
0.6988
0.4404
-0.4215
0.3612
0.0
-0.6249
0.296
0.0
0.0
0.5719
0.0
0.0
0.0
0.5719
-0.5216
0.0
0.4404
0.0
0.0
0.5106
0.0
0.7184
0.0
0.0
0.0
0.3612
0.0
0.0
0.0
0.0
0.0
0.0
0.0
0.0
0.0
0.0
0.0
0.0
0.0
0.1779
0.4404
0.0
0.0
0.0
0.4926
0.5719
0.0
-0.5707
0.6682
0.4588
0.0
0.6114
0.0
0.0
0.0
0.6369
0.7884
0.5719
0.0
0.4404
0.9335
0.7506
0.0
0.0
0.7506
0.0
0.0
0.555
0.5719
0.6249
0.0
0.0
0.0
0.2584
-0.34
0.0
0.0
0.0
0.0
0.6486
0.5719
0.0
0.0
0.5719
0.0
0.0
0.9078
0.2023
0.5562
0.8174
-0.2023
-0.1531
0.4404
-0.5719
0.5719
-0.296
0.0
-0.4767
0.7579
0.0
0.4404
0.0
0.5574
0.2716
0.4588
0.0
0.0
0.0
0.4588
0.4588
0.6124
0.4588
0.0
0.4588
0.0
0.0
0.0
0.0
0.0
0.6369
0.0
0.0
0.0
0.0
0.3612
0.0
0.0
0.0
0.0
0.0
0.4588
0.0
0.3612
0.6114
0.6369
0.0
0.0
0.0
0.0
0.8442
0.0
0.0
0.0
-0.5423
0.0
0.0
0.0
0.0
0.0
0.0
0.0
0.0
-0.296
0.0
0.4404
0.0
0.0
0.0
0.0
0.4767
0.658
0.3612
0.4926
0.0
0.5552
0.4738
0.0
0.0
0.34
0.6467
0.0
0.0
0.0
0.0
0.0
-0.5423
0.0
0.0
0.5994
0.0
-0.4767
0.0
0.8074
-0.34
0.0
0.0
0.6597
0.7568
0.0
0.7003
0.3612
0.0
-0.3612
0.0
0.0
0.0
0.7783
0.0
0.0
0.0
0.0
-0.596
0.0
0.6369
0.0
0.0
0.0
0.0
0.0
0.0
0.2382
0.5859
-0.6988
0.7906
0.0
0.0
0.0
0.0
0.0
0.4404
0.0
0.296
0.0
0.0
0.0
-0.1779
0.0
0.8157
0.0
-0.5423
0.0
0.1511
0.5106
0.0
0.0
0.6114
-0.743
0.0
0.4404
0.0
0.2023
0.7562
0.8439
0.0
0.3612
0.0
0.0
0.4588
0.3612
0.69
-0.5514
-0.34
0.0
0.0
0.0
-0.5574
0.0
0.5994
0.6249
-0.34
0.4574
0.3612
0.9118
0.0
0.0
0.0
0.0
0.5954
0.0
0.0
0.0
0.0
0.6369
0.0
0.0
0.0
0.0
0.4588
0.6452
0.296
0.0
0.0
0.0
0.0
0.0
0.7263
-0.5963
-0.4939
0.0
0.8787
0.0
0.0
0.7876
0.0
0.0
0.855
0.0
0.4215
0.0
0.6467
0.0
0.0
0.6369
-0.6808
0.0
-0.7269
0.0
0.0
0.0
-0.397
0.3612
-0.7901
0.4199
0.0
0.0
0.6114
0.0
0.0
0.0
-0.3612
0.6467
0.0
0.0
0.0
0.7096
0.0
0.0
0.0
0.0
0.4019
0.1027
0.0
0.0
0.0
0.0
0.0
-0.3182
0.5411
0.0
0.6808
0.0
0.0
0.0
-0.296
0.0
-0.4449
0.0
0.0
0.0
-0.4389
0.0
0.0
0.7003
0.0
0.5719
0.0
0.745
-0.4201
0.0
-0.5719
0.4927
0.0
0.4588
0.0
0.6114
0.0
0.4767
0.4939
0.0
0.6476
0.8966
0.8225
0.7579
0.5719
0.0
0.0
0.5719
0.0
0.0
0.0
0.0565
0.0
0.0622
0.5423
0.0
0.0
0.25
0.6249
0.0772
0.5719
0.6972
0.8645
0.0
0.6908
0.4574
-0.4939
0.6115
0.0
0.6696
0.0
0.0
0.8353
0.5837
-0.5423
0.0
0.0
0.0
0.0
0.4939
0.0
0.0
0.0
0.0
0.0
0.5777
0.0
0.0
0.0
0.0
0.4404
0.0
0.8065
0.0
0.6114
0.0
0.0
0.7841
0.4753
0.0
-0.222
0.4939
-0.296
0.3612
0.0
0.9151
0.4588
0.6114
0.0
0.0
0.0
0.7579
0.0
0.0
0.0
0.0
0.0
0.555
0.0
0.0
0.0
0.0
0.0
0.0
0.0
-0.4404
0.0
0.0
0.4878
0.0
0.0772
0.8519
0.6369
0.0
0.0
-0.0572
0.5927
0.6705
0.0
0.6467
0.5719
0.508
0.0
0.34
0.0
0.4215
0.3818
0.0
0.4389
0.0
0.0
0.0
0.7783
0.0
0.1531
0.0
0.4019
0.0
0.0
0.0
0.0
0.0
0.743
-0.5267
0.4019
0.6369
0.6565
0.6908
0.6369
0.0
0.0
0.0
0.3612
0.0
0.4404
-0.2732
0.0
0.0
0.0
0.8011
0.0
0.0
0.5719
0.0
0.0
0.2732
0.4404
0.0
-0.2023
0.0
0.0
0.4404
0.0
0.7067
0.0
0.0
0.4939
0.0
0.0
-0.296
0.0
0.4019
-0.2023
0.0
-0.4939
0.0
0.0
0.0
0.4404
0.8176
0.0
0.0
0.0
0.6369
0.5719
0.6467
0.9062
0.8442
0.0
0.5106
0.0
0.0
0.4215
0.0
0.2023
0.5023
-0.1027
0.0
0.4019
0.0
0.0
0.0
0.0
0.5584
0.0
0.0
0.0
0.0
0.0772
0.0
0.0
-0.5574
0.0
0.7556
0.3612
0.0
0.5719
0.0
0.0
0.0
0.6369
0.0
0.5267
0.7716
0.0
-0.6705
0.0
0.0
-0.6597
0.0
0.4404
0.0
-0.1392
0.0
-0.5093
0.4588
0.6956
0.0
0.0
0.0
-0.3919
0.8779
-0.5423
0.4588
0.0
0.0
0.0
0.0
0.8225
0.0
0.2732
0.0
0.0
-0.765
0.0
0.0
-0.5423
0.6114
0.0
0.4588
0.0
0.5719
0.5719
0.0
0.0
0.0
0.296
0.0
0.5719
0.3612
0.0
0.0
0.0
0.0
0.0
0.0
0.9618
0.0
0.0
0.7786
0.0
0.658
-0.6908
0.0
0.2225
0.9482
0.0
0.0
0.0
0.0
0.128
0.1779
0.0
0.4215
0.6369
0.7003
0.8596
0.0
0.4199
-0.296
0.5859
0.0
0.7845
0.0
0.0
0.0
0.0
0.0
0.0
0.0
0.0
0.0
0.4019
0.3818
0.0
0.4215
-0.5411
0.3612
0.5994
0.0
0.0
0.3612
0.0
0.0
0.0
0.0
0.0
0.5719
0.0
-0.4019
0.0772
0.3612
0.0
0.0
0.0
0.0
0.0
0.2878
0.0
0.0
-0.7783
0.0
0.0
-0.2263
-0.8316
0.0
0.0258
0.0
-0.5106
0.0
0.0
0.0
0.0
0.855
0.0
0.0
-0.2263
0.0
0.0
0.7778
0.0
0.5214
0.25
0.0
-0.3818
0.0
0.765
0.3182
0.3612
-0.6486
0.0
-0.5994
0.0
0.0
0.0
0.0
-0.4404
0.0
0.0
0.0
0.5719
0.765
0.5719
0.5719
0.0
0.0
0.0
0.0
0.5719
0.0
0.0
0.0
0.0
0.0
0.3612
0.6249
0.0
0.0
0.6269
0.0
0.0
0.6369
0.2263
0.836
-0.296
0.0
0.8555
0.6114
0.0
0.0
-0.0572
0.5859
-0.4357
0.0
-0.4003
0.2263
0.9392
0.0
0.0
0.0
0.0
0.0
0.3612
-0.34
0.7579
0.0
0.0
0.0
0.0
0.0
0.4588
-0.296
0.0
0.0
0.4939
-0.4753
0.2732
0.5719
0.8555
0.0
0.0
0.0
0.1027
0.0
0.7866
0.5719
0.765
-0.6908
0.6908
0.0
0.6467
0.0
0.0
0.0
0.0
0.4215
0.0
-0.6369
0.0
-0.2732
0.0
0.0
0.2023
0.4588
0.0
0.0
-0.34
0.0
0.5719
0.8934
0.0
0.0
0.0
0.9292
0.0
0.0
-0.5399
0.6597
-0.4404
0.0
0.3612
0.0
0.0
0.7351
0.0
0.5719
0.4738
-0.5859
0.0
0.5719
0.0
0.5719
0.4404
0.507
0.4215
0.0
0.0
0.0
0.0
0.0
-0.3736
0.0
0.4939
-0.5994
0.0
0.7461
0.0
0.4215
0.0
0.8614
0.0
-0.5423
0.0
0.8126
0.0
0.0
0.877
0.3987
0.0
-0.1531
0.5106
0.3182
-0.5574
0.4753
0.0
0.0
-0.4215
0.0
0.5719
0.0
0.0
0.6808
-0.0829
0.0
0.4404
0.0
0.0
0.5719
0.0
0.0
0.8074
0.5574
0.4939
-0.296
0.0
0.0
0.0
0.0
0.0
0.5719
0.0
0.0
0.0
0.0
0.0
0.0
0.6114
0.0
0.5719
0.5719
0.3612
0.4215
0.0
0.296
0.296
-0.5423
-0.296
0.0258
0.0
0.6467
0.0
-0.34
0.0
0.0
0.0
0.4019
0.0
0.0
0.5719
0.4019
0.2732
0.0
0.0
0.0
0.0
0.0
0.5267
0.0
0.0
0.0
0.4215
0.0
0.0
0.0
0.0
0.8074
0.8689
0.0
0.0
0.0
0.0
0.0
0.4215
0.0
0.0
0.0
0.3612
0.0
0.0
0.6467
0.0
0.0
-0.5423
0.4404
0.7896
0.0
0.0
0.7717
0.0
0.0
0.8658
0.0
0.0
0.0
0.0
0.0
0.8934
0.743
0.0
0.5719
0.0
0.0
0.0
0.0
0.0
-0.6705
-0.296
0.0
0.0
0.0
0.0
-0.5562
0.6467
0.0
0.0
0.5719
0.0
0.0
0.0
0.0
0.0
0.0
0.0
0.6249
0.4404
-0.1974
0.0
0.4364
0.0
0.0
0.5719
0.0
0.5106
0.5574
0.5574
0.0
0.0
0.0
0.7783
0.0
0.0
0.6784
0.0
0.2869
0.0
0.0
0.0
0.0
-0.3252
0.0
0.0
0.0
0.0
0.0
0.0
0.5719
0.0
0.6696
0.3703
-0.4215
0.0
0.5719
0.0
0.4588
0.6114
0.5777
0.0
0.0
0.4404
0.1779
0.6623
0.0
0.8395
0.4404
0.0
0.0
0.0
0.0
0.0
0.428
0.0
0.0
0.7717
0.0
0.0
0.0
-0.8481
0.0
0.8402
0.0
-0.5423
0.7184
0.0
0.0
0.0
0.0
0.0
0.4215
0.5859
0.3182
0.0
0.5963
0.0
0.1779
0.7845
0.4468
0.0
0.0
-0.4585
0.0
0.0
0.4939
0.0
0.0
0.6467
0.5719
0.5719
0.0
0.0
0.0
0.0
0.0
0.0
0.0
0.0
0.5719
0.0
0.0
0.5719
0.0
0.0
0.0
0.0
0.0
0.0
0.5106
0.0
0.0
0.0
0.0
0.0
0.0
-0.4215
0.0
0.4404
0.5719
-0.4215
0.0
0.2003
0.7003
0.5719
0.8217
0.5106
0.0
0.5267
0.0
0.906
0.0
0.2714
0.0
0.0
0.0
0.0
0.4939
0.5859
0.0
0.0
0.0
0.5719
0.0772
0.5719
0.0
0.0
0.6369
0.0
0.0
0.0
0.0
0.4926
0.0
0.0
0.0
0.5719
0.6369
0.7906
0.0
0.0
0.1531
0.6467
0.0
0.6124
0.0
0.0
0.6467
0.0
0.0
0.296
0.0
0.4215
0.4215
-0.34
0.4019
0.0
0.5719
0.0
0.0
0.0
0.0
-0.0258
0.6467
0.0
0.5719
0.0
0.4404
0.0
0.0
0.0
0.0
-0.34
0.3182
0.0
0.0
0.6652
0.0
0.4019
0.6784
0.0
0.5719
0.0
0.0
0.0
0.5719
0.0
0.1779
0.0
0.0
0.0
0.0
0.0
0.0
0.0
0.4404
0.0
0.0
0.0
0.0
0.0
0.5106
0.6369
0.8684
0.4215
0.0
0.0
0.5777
0.4215
0.0
0.0
0.5106
0.0
0.0
0.5719
0.0
0.6369
0.0
0.9578
-0.9217
0.6249
0.0
-0.3875
0.6542
0.0
0.0
0.0
0.0
0.0
0.25
0.0
0.0
-0.2023
0.0
-0.34
0.0
0.0
0.0
0.9215
0.0
0.0
0.4215
0.0
0.0
0.34
0.0
0.0
0.0
0.0
0.9237
0.0
0.0
0.6369
0.8481
0.0
0.0
0.0
0.0
0.0
0.0
0.0
0.7177
0.0
0.0
-0.632
0.0
0.0
0.4404
0.0
0.7845
0.5106
0.5719
0.3612
0.8172
0.0
0.0
0.0
0.3612
0.5719
-0.4404
0.0
-0.7906
0.3182
0.7579
0.0
0.1384
0.0
0.0
0.0
0.0
0.0
0.0
0.5542
0.0
0.0
-0.0258
0.6808
0.0
0.0
0.0
0.0
0.0
0.0
-0.1145
0.0
0.0
0.0
0.0
0.6114
-0.34
-0.636
0.7351
0.3182
0.5574
0.7845
0.0
0.9081
0.0
0.0
0.2023
0.5719
0.0
0.6908
0.7269
0.7269
0.6988
0.0
-0.1134
0.0
0.0
-0.2023
0.3802
0.0
0.0
0.0
0.659
0.0
0.3612
0.0
0.4404
0.0
-0.0516
0.3862
0.0
0.0
0.0
0.9228
0.5106
0.4588
0.4019
0.4939
0.0
0.0
0.0
0.0
0.4939
-0.3244
0.0
0.0
0.0
0.0
0.8481
0.4404
-0.3182
0.0
0.0
0.0
0.0
0.0
0.0
-0.916
0.0
0.6808
0.296
0.0772
0.6467
0.0
0.0
0.0
0.0
0.7783
0.0
0.0
0.0
0.0
-0.8481
0.0
0.9413
0.0
0.0
0.0
-0.2023
0.2732
0.0
0.0
0.0
0.6808
0.0
-0.1877
0.6124
0.0
0.7964
0.802
0.0
0.4215
0.3612
0.7783
0.0
0.8481
0.4404
0.0
0.0
-0.1779
0.0
0.3595
0.0
0.0
0.8979
0.6342
0.0
0.0
0.0
0.0
0.4404
0.0
0.0
-0.2732
0.0
-0.2732
-0.4404
0.8516
0.0
0.0
0.0
0.6908
0.0
0.0
0.0
0.1508
0.0
0.6908
-0.3252
0.0
0.0
-0.1531
0.296
0.6486
0.0
0.0
0.0
0.0
0.5994
0.0
-0.3595
0.0
0.5106
0.0
0.6369
0.765
0.9476
0.0
0.7717
0.0
-0.6093
0.4215
0.0
0.7896
-0.4767
0.0
0.6792
0.0
0.4939
0.0
0.4588
0.0
-0.5106
0.0
-0.5423
0.0
0.2023
0.8201
0.0
0.0
0.0
0.0
0.4588
0.0
0.0
0.0
0.0
0.0
0.0
0.4215
0.0
0.0
0.0
0.5719
0.6486
0.0
0.296
0.5095
0.0
0.0
0.0
0.0
0.0
-0.1027
0.0
0.0
0.0
0.0
0.0
0.0
-0.4939
0.0
-0.6705
0.0
0.0
0.4019
0.0
0.0
0.0
0.0
-0.1531
0.5859
0.8779
-0.5777
0.0
0.0
0.0
0.9771
0.8251
0.3612
-0.6808
0.0
0.0
0.4215
0.1531
0.0
0.5574
0.0
0.0
0.6467
-0.6597
0.0
0.0
0.4215
0.0
-0.4019
0.0
0.8011
0.0
0.4588
-0.5423
0.0
0.0
0.7003
0.0
0.7003
-0.1779
0.0
0.0
0.0
0.6369
0.4588
0.0
0.0
0.0
0.022
0.0
0.4404
0.0
-0.4588
0.0
0.431
0.3129
0.0
0.0
0.0
0.0
0.0
0.0
0.0
0.0
0.0
0.0
0.8555
0.0
-0.5267
0.0
0.4588
-0.6152
0.0
0.8779
0.4404
0.4588
0.0155
0.5719
0.9423
0.0
0.4588
0.6808
0.3612
0.7964
0.0
0.5423
0.0
0.0
0.7906
0.0
0.0
-0.4767
0.7269
0.0
0.0
0.0
0.0
0.7964
-0.4767
0.0
0.0
0.0
-0.5423
-0.4939
0.7484
0.0
0.4588
0.0
-0.4939
0.0
0.0
0.0
0.0
0.0
0.0
0.0
0.0
0.4738
0.0
0.0
0.0
0.34
0.0
0.0
0.0
0.0
0.0
-0.34
0.7227
0.0
0.0
0.5719
0.0
0.0
0.0
0.0
0.0
0.0
0.5574
0.0
0.0
0.0
0.4939
0.1531
-0.4404
-0.8834
0.4215
0.34
-0.4019
0.0
-0.5423
-0.0258
0.0
0.3612
0.4199
0.3612
0.0
0.6467
0.6988
0.0
0.0
-0.3182
0.0
0.0
-0.4118
0.0
0.3818
0.3612
0.0
0.0
0.7184
0.5095
0.0
0.0
0.0
0.802
0.4404
0.6269
0.0
0.0
0.0
-0.3595
0.6249
0.9423
0.0
0.68
0.0
-0.25
0.0
0.0
0.0
0.0
0.0
0.0
0.0
-0.34
0.4588
-0.204
-0.0572
0.5574
0.0
-0.1531
-0.3182
0.8794
0.3851
0.0
0.8176
-0.5423
0.0
-0.3724
0.0
0.0
0.0
0.0
-0.1531
0.0
0.5526
0.4374
-0.9403
0.2023
0.0
0.0387
0.0
0.0
0.8893
0.0
0.0
0.0
0.7579
0.0
-0.34
-0.5574
0.0
0.0
0.0
0.7717
0.0
0.0
-0.1779
0.2023
0.0
0.0
0.0
0.0
0.6369
0.0
0.34
0.0
0.3612
0.0
0.0
0.0
0.0
0.6808
0.0
-0.8834
0.5972
-0.1531
0.0
0.0
0.0
0.3612
0.4404
0.0
0.2235
0.0
0.0
-0.5719
0.6908
0.0
0.0
0.0
0.296
-0.0258
0.0
0.3818
0.75
-0.296
-0.4389
0.1511
0.0
0.0
0.8193
0.3612
0.7227
0.0
0.4753
0.0
0.0
0.0
0.0
0.3182
0.5859
0.0
0.3818
0.0
-0.3753
-0.25
0.0
-0.5411
0.4588
0.0
0.0
0.0
0.3612
-0.807
0.8074
-0.4939
0.0
0.0
-0.4215
0.0
0.0
0.6988
0.0
0.0
0.8074
0.7906
0.0
0.0
0.0
-0.8589
0.0
0.0516
-0.34
0.0
0.0
-0.296
-0.6249
0.0
0.0
0.0
0.0
0.5267
0.0
0.0
0.4215
0.0
0.0
0.0
0.0
0.6908
0.0
0.5095
0.0
0.0
0.0
0.0
0.827
0.0
0.7256
-0.5267
0.0
0.0
0.0
0.296
0.0
0.0
-0.5719
0.0
0.4404
0.0
0.4588
0.0
0.0
0.0
0.0
0.3612
0.5994
0.0
-0.2732
0.5023
0.6114
0.8346
0.0
0.4215
0.0
0.0
0.0
0.0
0.0
0.5719
-0.2225
0.0
0.6884
0.2263
0.8807
0.4003
-0.3612
0.4199
0.4215
0.2225
0.0
0.6808
0.0
-0.1531
0.7906
-0.4939
0.5562
0.5093
0.0
0.0
0.7906
0.5574
0.4404
0.0
0.0
0.0
0.8658
0.0
0.0
0.0
0.0
0.4404
0.0
0.0
0.0
0.3802
0.3182
0.4215
0.5267
0.0
0.34
0.4738
0.0
0.9442
0.0
0.0
-0.5267
-0.4588
0.0
0.4588
0.34
0.0
0.4404
-0.7506
0.0
-0.2732
0.0
0.0
0.9177
0.0
0.0
-0.5118
0.0
0.7097
0.0
0.8687
0.3612
0.0
0.6369
0.5106
-0.5423
0.4215
-0.1027
0.6908
-0.1531
0.0
0.0
0.0
0.0
0.0
0.0
0.8834
-0.5423
0.2896
0.875
0.0
0.4215
0.0
0.2263
0.0
0.0
0.0
0.0
-0.5423
0.0
0.0
0.0
0.0
0.0
0.2023
0.0
-0.2732
0.4937
0.3612
-0.4168
0.6705
0.5399
0.0
0.0
-0.34
-0.4215
0.5994
0.0
0.4404
0.0
0.0
0.4588
0.0
-0.6993
0.2942
0.0
0.0
0.0
0.0
0.0
0.5267
0.4404
0.7717
0.0
-0.0387
0.0
0.0
0.0
0.0258
0.0
0.0
0.4374
0.0
0.0
-0.6597
0.0
0.8858
0.0
0.0
0.0
0.0
0.0
0.0
0.0
0.0
0.1779
0.7096
-0.3182
0.0
0.7096
0.0
0.4404
0.0
0.0
0.0
0.0
0.0
0.8402
0.0
0.0
0.0
0.4404
-0.5423
0.4404
0.0
0.4019
0.0
0.0772
0.0
0.7622
0.8392
-0.2732
0.4404
-0.5719
0.5994
0.0
0.3818
0.0
0.0
0.6369
0.4588
-0.8402
-0.1027
0.296
0.4215
-0.296
0.0
0.3612
0.3818
0.0
0.3612
0.7074
0.4215
0.4939
0.128
0.3612
0.0
0.3612
-0.2732
-0.5423
0.0
0.0
-0.3412
0.5106
0.4588
0.4927
0.0
0.34
0.0
-0.4767
0.0
0.0
0.0
-0.4939
0.0
-0.5267
0.0
0.0
0.0
0.7177
0.6124
0.0
-0.5719
0.0
0.0
0.0
0.0
0.0
0.0
0.0
-0.296
0.0
-0.6973
0.0
0.9483
-0.5423
0.0
0.0
0.0
0.0
-0.2732
0.0
0.8687
0.0
0.0
0.0
0.0
-0.6459
-0.3626
0.7879
-0.4927
0.0
0.0
0.0
0.6486
0.0
-0.6249
0.897
-0.1027
0.6988
0.0
0.0
0.0
0.5719
0.0
0.0
-0.3412
0.0
0.6778
0.4495
0.8126
0.0
-0.2183
0.0
0.6597
0.5526
-0.1027
0.0
0.5267
0.3612
0.4939
0.8772
0.0
0.0
0.0
0.0
0.5563
-0.4939
0.0
0.4201
0.0
0.4588
0.0
0.0
0.0
-0.5423
0.0
0.0
0.0
0.0
0.0
0.0
0.0
0.0
0.7506
0.0
0.0
0.0
-0.34
0.4939
-0.4215
0.0
0.0
0.0
0.6696
0.5499
-0.1531
-0.7003
-0.5574
0.0
0.0
0.6682
-0.0516
0.0
0.8126
0.4003
0.2263
0.0
0.0
0.4939
0.5859
-0.5859
0.0
-0.8802
0.7096
0.4019
0.8327
0.3612
0.0
0.0
0.4404
0.0
0.7096
-0.5719
0.8442
0.5574
0.8126
0.0
0.0
0.0
0.7579
0.0
0.6369
0.0
0.4404
0.6705
-0.5399
0.296
0.0
0.8953
0.0
-0.4019
0.0
0.0
0.0
0.4404
0.0
0.0
0.3612
0.6369
-0.5709
0.0
0.0
0.8084
0.0
0.0
0.0
0.0
0.0
0.0
0.0
0.3612
-0.2484
0.6269
0.0
0.0
0.0
0.4215
0.0
-0.1027
0.6486
0.0
0.3182
0.0
0.0
0.0
0.0
0.0
-0.3612
-0.296
0.0
0.6597
0.2263
-0.0772
0.3182
0.0
0.0
0.0
0.34
0.0
0.0
0.0
0.2263
0.0
0.0
0.0
-0.0191
0.0
0.5647
-0.5267
0.0
0.0
0.0
0.5399
0.4939
0.0
0.4215
0.0
0.0
0.0
-0.296
0.0
0.0
0.0
0.0
0.0
0.0
0.0
0.0
0.2023
0.0
-0.4019
0.0
-0.1779
0.0
0.3612
0.4215
0.2023
0.9153
0.6476
0.7717
0.0
0.7003
0.5859
0.5859
0.2023
0.0
0.0
0.6671
0.3612
0.0
-0.9565
-0.5267
0.0
0.6369
0.0
0.0
0.6369
0.5859
0.0
0.0
0.0
0.0
-0.5719
0.0
0.0
0.0
0.0
0.937
0.0
0.0
0.0
0.0
0.0
0.0
0.0
0.0
0.7269
0.4404
-0.5423
0.5106
0.0
0.0
0.0
0.0
0.0
-0.7081
0.0
0.6249
0.8126
0.872
-0.2903
0.4404
0.0
0.0
0.4199
0.0
0.0
0.4215
0.0
0.0
0.0
0.0
0.0
0.6597
-0.2263
0.0
0.4215
0.6269
0.0
0.3167
0.0
0.0
0.0
0.0
0.0
0.0
0.0
0.0
-0.6229
0.0
0.5719
0.8934
-0.5423
-0.5106
0.0
-0.0019
0.0
0.0
-0.2484
0.0
0.8955
-0.1531
0.1372
0.0
0.4588
0.9325
0.0
0.0
0.0
0.0
0.3595
0.0
0.7184
0.0
0.0
-0.5859
0.0
-0.5423
0.0
0.0
0.0
0.4767
0.0
-0.128
0.0
0.4588
0.0
0.7297
0.0258
0.0
0.0
0.0
0.0
0.0
0.296
0.0
0.0
0.0
0.4927
0.0
0.0
0.3182
0.4588
0.0
0.0
0.0
0.0
0.5256
-0.0516
0.6597
0.8552
0.0
0.0
0.0
0.3182
0.0
-0.8779
0.0
0.0
0.0
-0.2732
0.0
-0.3612
0.0
0.0
0.0
0.0
-0.5848
0.1027
0.3612
0.0
0.0
0.3182
0.0
0.0572
0.0
0.1027
0.0
0.7003
0.0
0.0
-0.0258
-0.1531
0.5267
0.4588
0.5994
0.0
0.9368
0.3612
0.5707
0.4215
-0.4404
-0.5859
0.0
0.8126
0.0
0.0
0.0
0.0772
0.0
0.4404
0.8715
0.4926
0.0
0.7845
0.7269
0.4767
0.0
0.0
-0.6808
0.0
0.0
0.0
0.0
0.0
-0.0772
0.4404
0.0
0.0
0.0
0.0
0.2398
0.3612
0.0
0.6588
0.0
0.7297
0.4588
0.9391
0.5255
0.8356
0.0
0.0
0.0
0.0
0.0
0.7269
0.3595
0.0
0.0
0.4588
0.0
0.4939
-0.2732
0.0
-0.5526
-0.296
0.0
0.3182
-0.4767
0.4019
0.0
0.0
0.0
0.0
0.0
0.0
0.6369
0.0
-0.3804
0.4019
0.0
-0.34
0.0
0.5106
-0.6808
0.4019
0.0
0.0
0.8016
0.0
0.0
0.4019
-0.4767
0.0
0.0
0.0
0.6705
0.8388
0.0
-0.296
-0.4003
-0.5423
0.4404
0.0
0.0
0.0
-0.5994
0.6588
-0.6124
0.0
-0.5423
-0.3595
0.802
0.0
0.0
0.0
0.0
0.0
0.0
-0.3182
0.0
0.0
0.0
0.0
0.2235
0.7412
0.34
0.0
-0.296
0.0
0.0
0.0
0.8829
0.0
0.0
0.0
0.0
0.0
0.0
0.6369
0.0
0.8126
-0.34
0.0
0.0
0.0
0.4404
-0.4389
0.0
0.0
0.4767
0.0
0.0
0.0
0.0
0.3612
0.0
0.0
0.6249
0.0
0.0
0.5423
0.4173
0.0
0.0
0.7902
0.0772
0.0
0.0
0.0
0.0
0.0
0.0
0.0
0.4019
0.0
0.0
0.0
-0.7351
0.0
0.0
0.0
0.0
0.0
0.0
0.0
0.0
0.0
0.0
0.0
0.0
0.0
0.0
-0.34
0.1298
0.0
